344 54
0 4
346 38
347 49
340 61
341 19
342 29
343 6
348 30
349 7
595 52
606 0
594 14
619 9
298 0
299 0
296 0
297 0
294 0
295 1
292 2
293 1
290 1
291 1
591 69
590 43
593 76
592 5
199 55
198 45
597 51
596 69
195 50
194 14
197 0
196 1
191 3
190 3
193 30
192 15
270 37
271 59
272 17
273 74
274 16
275 54
276 75
277 36
278 11
279 0
524 10
525 31
526 41
527 19
520 37
521 39
522 3
523 44
599 0
528 11
529 0
449 81
448 64
443 45
442 17
441 3
440 4
447 0
446 3
445 62
444 22
108 20
109 35
102 11
103 1
100 63
101 9
106 1
107 40
104 6
105 4
39 30
38 12
33 2
32 12
31 11
30 87
37 26
36 0
35 2
34 7
641 90
640 51
643 1
642 4
645 17
644 57
438 0
439 70
436 101
437 73
434 34
435 39
432 64
433 27
430 5
431 1
339 26
338 0
335 18
334 15
337 1
336 15
331 2
330 52
333 9
332 2
345 8
6 73
99 0
98 18
91 28
90 33
93 39
92 3
95 32
94 9
97 17
96 27
559 10
558 44
555 37
554 50
557 3
556 39
551 1
550 57
553 47
552 0
238 45
239 8
234 49
235 33
236 33
237 2
230 47
231 1
232 0
233 34
1 3
614 32
146 48
147 19
144 4
145 1
142 3
143 3
140 4
141 60
612 42
613 0
610 25
611 57
616 2
617 8
148 26
149 32
623 39
622 0
133 40
132 50
131 45
130 33
137 13
136 13
135 96
134 0
494 0
495 57
139 8
138 2
490 34
491 32
492 13
493 47
24 10
25 47
26 49
27 35
20 47
21 45
22 2
23 67
28 89
29 0
407 10
406 5
405 5
404 43
403 0
402 58
401 80
400 30
629 10
409 12
408 28
628 33
379 54
378 6
371 15
370 18
373 0
372 1
375 61
374 26
377 29
376 19
618 19
393 4
392 80
88 31
89 38
397 45
396 1
395 2
394 42
82 8
83 22
80 2
81 1
86 1
87 0
84 12
85 37
7 55
601 31
607 32
586 1
587 0
584 34
585 28
582 17
583 36
580 3
581 4
588 61
589 91
245 45
244 0
247 7
246 8
241 24
240 35
243 51
242 18
615 4
249 5
248 3
519 50
518 47
511 2
510 2
513 29
512 6
515 57
514 16
517 0
516 1
458 22
459 0
621 2
620 47
627 4
626 28
625 36
624 36
450 57
451 62
452 6
453 74
454 16
455 53
456 58
457 33
179 1
178 11
177 7
176 8
175 16
174 87
173 0
172 48
171 37
170 44
656 11
657 63
654 17
253 17
182 45
183 17
180 4
181 1
186 71
187 53
184 28
185 23
652 6
188 0
189 49
658 3
653 4
650 0
651 53
11 4
10 5
13 32
12 15
15 53
14 14
17 0
16 2
19 71
18 48
659 0
62 35
322 0
323 45
320 0
321 2
326 15
327 33
324 12
325 12
328 41
329 0
201 38
200 42
203 51
202 5
205 38
204 11
207 45
206 62
209 0
208 19
77 33
76 50
75 25
74 18
73 13
72 37
71 0
70 3
655 29
79 37
78 0
2 58
669 15
668 34
667 45
666 11
665 58
664 1
663 44
662 51
661 55
660 48
542 50
543 0
540 27
541 64
546 2
547 6
544 40
545 2
8 0
548 29
549 16
68 1
598 14
120 71
121 2
122 0
123 54
124 45
125 47
126 36
127 4
128 43
129 11
414 48
415 48
416 39
417 6
410 74
411 4
412 0
413 52
498 1
418 48
419 11
499 4
319 0
318 0
313 0
312 1
311 1
310 0
317 0
316 2
315 0
314 1
496 15
497 9
3 20
368 9
369 15
366 2
367 2
364 0
365 52
362 33
363 41
360 12
361 15
380 8
381 38
382 49
383 30
384 7
385 0
386 53
387 19
388 11
389 3
605 2
579 72
578 0
604 11
573 20
572 60
571 0
570 7
577 61
576 52
575 17
574 42
60 20
61 18
258 0
259 70
64 0
65 41
66 8
67 7
252 64
69 3
250 3
251 0
256 45
257 66
254 27
255 13
603 6
602 27
508 0
509 40
506 64
507 50
504 18
505 27
502 40
503 16
500 4
501 1
630 25
631 25
632 13
633 24
469 14
468 16
636 10
637 12
465 3
464 10
467 42
466 0
461 18
460 115
463 7
462 19
168 13
169 39
164 59
165 44
166 6
167 50
160 3
161 0
162 54
163 48
600 113
9 63
647 32
646 29
649 50
648 80
357 0
356 2
355 15
354 3
353 11
352 19
351 53
350 0
359 12
358 45
216 0
217 43
214 11
215 2
212 11
213 4
210 78
211 11
218 13
219 19
289 1
288 1
4 35
281 37
280 88
283 7
282 16
285 5
284 20
287 0
286 0
674 10
675 3
676 2
677 7
670 48
671 0
672 86
673 6
263 33
262 24
261 5
260 4
267 0
266 1
265 29
264 28
269 90
268 47
59 5
58 28
55 20
54 32
57 1
56 23
51 1
50 33
53 30
52 0
537 40
536 1
535 4
63 6
533 3
532 11
531 14
530 66
539 18
538 16
115 6
114 40
117 10
116 7
111 85
110 29
113 0
112 69
119 16
118 28
429 4
428 4
534 4
421 35
420 37
423 38
422 17
425 92
424 0
427 15
426 15
308 0
309 1
300 0
301 1
302 0
303 0
304 2
305 1
306 0
307 1
568 3
569 4
560 31
561 41
562 19
563 11
564 0
565 66
566 14
567 11
229 7
228 23
227 18
226 3
225 2
224 40
223 0
222 37
221 74
220 30
391 11
390 15
151 79
150 79
153 47
152 0
155 5
154 6
157 33
156 17
159 79
158 13
609 23
608 15
634 0
399 22
635 60
398 21
48 12
49 8
46 1
47 5
44 24
45 1
42 29
43 0
40 27
41 65
638 1
5 23
639 2
489 6
488 48
487 3
486 34
485 31
484 50
483 45
482 0
481 2
480 34
472 46
473 0
470 39
471 107
476 2
477 13
474 44
475 4
478 23
479 11
