0 4
1 3
2 58
3 20
4 35
5 23
6 73
7 55
8 0
9 63
10 5
11 4
12 15
13 32
14 14
15 53
16 2
17 0
18 48
19 71
20 47
21 45
22 2
23 67
24 10
25 47
26 49
27 35
28 89
29 0
30 87
31 11
32 12
33 2
34 7
35 2
36 0
37 26
38 12
39 30
40 27
41 65
42 29
43 0
44 24
45 1
46 1
47 5
48 12
49 8
50 33
51 1
52 0
53 30
54 32
55 20
56 23
57 1
58 28
59 5
60 20
61 18
62 35
63 6
64 0
65 41
66 8
67 7
68 1
69 3
70 3
71 0
72 37
73 13
74 18
75 25
76 50
77 33
78 0
79 37
80 2
81 1
82 8
83 22
84 12
85 37
86 1
87 0
88 31
89 38
90 33
91 28
92 3
93 39
94 9
95 32
96 27
97 17
98 18
99 0
100 63
101 9
102 11
103 1
104 6
105 4
106 1
107 40
108 20
109 35
110 29
111 85
112 69
113 0
114 40
115 6
116 7
117 10
118 28
119 16
120 71
121 2
122 0
123 54
124 45
125 47
126 36
127 4
128 43
129 11
130 33
131 45
132 50
133 40
134 0
135 96
136 13
137 13
138 2
139 8
140 4
141 60
142 3
143 3
144 4
145 1
146 48
147 19
148 26
149 32
150 79
151 79
152 0
153 47
154 6
155 5
156 17
157 33
158 13
159 79
160 3
161 0
162 54
163 48
164 59
165 44
166 6
167 50
168 13
169 39
170 44
171 37
172 48
173 0
174 87
175 16
176 8
177 7
178 11
179 1
180 4
181 1
182 45
183 17
184 28
185 23
186 71
187 53
188 0
189 49
190 3
191 3
192 15
193 30
194 14
195 50
196 1
197 0
198 45
199 55
200 42
201 38
202 5
203 51
204 11
205 38
206 62
207 45
208 19
209 0
210 78
211 11
212 11
213 4
214 11
215 2
216 0
217 43
218 13
219 19
220 30
221 74
222 37
223 0
224 40
225 2
226 3
227 18
228 23
229 7
230 47
231 1
232 0
233 34
234 49
235 33
236 33
237 2
238 45
239 8
240 35
241 24
242 18
243 51
244 0
245 45
246 8
247 7
248 3
249 5
250 3
251 0
252 64
253 17
254 27
255 13
256 45
257 66
258 0
259 70
260 4
261 5
262 24
263 33
264 28
265 29
266 1
267 0
268 47
269 90
270 37
271 59
272 17
273 74
274 16
275 54
276 75
277 36
278 11
279 0
280 88
281 37
282 16
283 7
284 20
285 5
286 0
287 0
288 1
289 1
290 1
291 1
292 2
293 1
294 0
295 1
296 0
297 0
298 0
299 0
300 0
301 1
302 0
303 0
304 2
305 1
306 0
307 1
308 0
309 1
310 0
311 1
312 1
313 0
314 1
315 0
316 2
317 0
318 0
319 0
320 0
321 2
322 0
323 45
324 12
325 12
326 15
327 33
328 41
329 0
330 52
331 2
332 2
333 9
334 15
335 18
336 15
337 1
338 0
339 26
340 61
341 19
342 29
343 6
344 54
345 8
346 38
347 49
348 30
349 7
350 0
351 53
352 19
353 11
354 3
355 15
356 2
357 0
358 45
359 12
360 12
361 15
362 33
363 41
364 0
365 52
366 2
367 2
368 9
369 15
370 18
371 15
372 1
373 0
374 26
375 61
376 19
377 29
378 6
379 54
380 8
381 38
382 49
383 30
384 7
385 0
386 53
387 19
388 11
389 3
390 15
391 11
392 80
393 4
394 42
395 2
396 1
397 45
398 21
399 22
400 30
401 80
402 58
403 0
404 43
405 5
406 5
407 10
408 28
409 12
410 74
411 4
412 0
413 52
414 48
415 48
416 39
417 6
418 48
419 11
420 37
421 35
422 17
423 38
424 0
425 92
426 15
427 15
428 4
429 4
430 5
431 1
432 64
433 27
434 34
435 39
436 101
437 73
438 0
439 70
440 4
441 3
442 17
443 45
444 22
445 62
446 3
447 0
448 64
449 81
450 57
451 62
452 6
453 74
454 16
455 53
456 58
457 33
458 22
459 0
460 115
461 18
462 19
463 7
464 10
465 3
466 0
467 42
468 16
469 14
470 39
471 107
472 46
473 0
474 44
475 4
476 2
477 13
478 23
479 11
480 34
481 2
482 0
483 45
484 50
485 31
486 34
487 3
488 48
489 6
490 34
491 32
492 13
493 47
494 0
495 57
496 15
497 9
498 1
499 4
500 4
501 1
502 40
503 16
504 18
505 27
506 64
507 50
508 0
509 40
510 2
511 2
512 6
513 29
514 16
515 57
516 1
517 0
518 47
519 50
520 37
521 39
522 3
523 44
524 10
525 31
526 41
527 19
528 11
529 0
530 66
531 14
532 11
533 3
534 4
535 4
536 1
537 40
538 16
539 18
540 27
541 64
542 50
543 0
544 40
545 2
546 2
547 6
548 29
549 16
550 57
551 1
552 0
553 47
554 50
555 37
556 39
557 3
558 44
559 10
560 31
561 41
562 19
563 11
564 0
565 66
566 14
567 11
568 3
569 4
570 7
571 0
572 60
573 20
574 42
575 17
576 52
577 61
578 0
579 72
580 3
581 4
582 17
583 36
584 34
585 28
586 1
587 0
588 61
589 91
590 43
591 69
592 5
593 76
594 14
595 52
596 69
597 51
598 14
599 0
600 113
601 31
602 27
603 6
604 11
605 2
606 0
607 32
608 15
609 23
610 25
611 57
612 42
613 0
614 32
615 4
616 2
617 8
618 19
619 9
620 47
621 2
622 0
623 39
624 36
625 36
626 28
627 4
628 33
629 10
630 25
631 25
632 13
633 24
634 0
635 60
636 10
637 12
638 1
639 2
640 51
641 90
642 4
643 1
644 57
645 17
646 29
647 32
648 80
649 50
650 0
651 53
652 6
653 4
654 17
655 29
656 11
657 63
658 3
659 0
660 48
661 55
662 51
663 44
664 1
665 58
666 11
667 45
668 34
669 15
670 48
671 0
672 86
673 6
674 10
675 3
676 2
677 7
