0 3
1 3
2 47
3 16
4 28
5 18
6 58
7 44
8 0
9 51
10 4
11 3
12 12
13 26
14 11
15 42
16 1
17 0
18 39
19 57
20 38
21 36
22 2
23 54
24 8
25 38
26 39
27 28
28 72
29 0
30 70
31 9
32 10
33 2
34 6
35 1
36 0
37 18
38 8
39 21
40 19
41 46
42 20
43 0
44 17
45 1
46 1
47 4
48 8
49 5
50 23
51 1
52 0
53 21
54 23
55 14
56 16
57 1
58 20
59 3
60 14
61 13
62 25
63 4
64 0
65 29
66 5
67 5
68 1
69 2
70 3
71 0
72 36
73 13
74 17
75 25
76 49
77 32
78 0
79 35
80 2
81 1
82 8
83 21
84 11
85 36
86 1
87 0
88 30
89 37
90 32
91 27
92 3
93 38
94 9
95 31
96 26
97 16
98 17
99 0
100 61
101 8
102 11
103 1
104 6
105 2
106 0
107 22
108 11
109 19
110 16
111 47
112 39
113 0
114 22
115 3
116 4
117 6
118 16
119 9
120 40
121 1
122 0
123 30
124 25
125 26
126 20
127 2
128 24
129 6
130 18
131 25
132 28
133 23
134 0
135 54
136 7
137 7
138 1
139 4
140 3
141 60
142 5
143 4
144 0
145 0
146 6
147 2
148 3
149 4
150 10
151 10
152 0
153 6
154 1
155 1
156 2
157 4
158 2
159 10
160 0
161 0
162 7
163 6
164 7
165 5
166 1
167 6
168 2
169 5
170 5
171 5
172 6
173 0
174 11
175 2
176 1
177 1
178 1
179 2
180 3
181 1
182 34
183 12
184 21
185 17
186 53
187 39
188 0
189 37
190 2
191 3
192 11
193 22
194 10
195 38
196 1
197 0
198 34
199 41
200 32
201 28
202 3
203 38
204 8
205 28
206 46
207 33
208 14
209 0
210 58
211 8
212 8
213 3
214 8
215 2
216 0
217 35
218 11
219 15
220 25
221 61
222 31
223 0
224 33
225 2
226 2
227 15
228 19
229 5
230 39
231 1
232 0
233 28
234 40
235 28
236 27
237 2
238 37
239 6
240 29
241 20
242 15
243 42
244 0
245 37
246 7
247 6
248 2
249 5
250 1
251 0
252 26
253 7
254 11
255 5
256 19
257 27
258 0
259 29
260 2
261 2
262 10
263 14
264 12
265 12
266 1
267 0
268 19
269 37
270 15
271 24
272 7
273 30
274 7
275 22
276 31
277 15
278 5
279 0
280 36
281 15
282 7
283 3
284 8
285 6
286 0
287 0
288 1
289 1
290 1
291 1
292 2
293 1
294 0
295 1
296 0
297 0
298 0
299 0
300 0
301 1
302 0
303 0
304 1
305 1
306 0
307 1
308 0
309 1
310 0
311 1
312 1
313 0
314 0
315 0
316 2
317 0
318 0
319 0
320 0
321 1
322 0
323 26
324 7
325 7
326 9
327 19
328 24
329 0
330 30
331 1
332 1
333 5
334 9
335 10
336 9
337 0
338 0
339 15
340 35
341 11
342 17
343 3
344 31
345 5
346 22
347 28
348 17
349 4
350 0
351 30
352 11
353 6
354 2
355 8
356 1
357 0
358 35
359 9
360 10
361 12
362 26
363 33
364 0
365 41
366 1
367 2
368 7
369 12
370 14
371 12
372 0
373 0
374 21
375 48
376 15
377 23
378 5
379 43
380 6
381 30
382 39
383 24
384 5
385 0
386 41
387 15
388 9
389 3
390 11
391 3
392 88
393 6
394 42
395 0
396 0
397 9
398 4
399 4
400 6
401 16
402 12
403 0
404 9
405 1
406 1
407 2
408 5
409 2
410 15
411 1
412 0
413 10
414 9
415 10
416 8
417 1
418 10
419 2
420 7
421 7
422 3
423 8
424 0
425 18
426 3
427 3
428 1
429 1
430 1
431 0
432 10
433 4
434 5
435 6
436 16
437 11
438 0
439 11
440 1
441 0
442 3
443 7
444 3
445 10
446 0
447 0
448 10
449 13
450 9
451 10
452 1
453 11
454 2
455 8
456 9
457 5
458 3
459 0
460 18
461 3
462 3
463 1
464 2
465 1
466 0
467 15
468 5
469 5
470 13
471 37
472 16
473 0
474 15
475 1
476 1
477 5
478 8
479 4
480 12
481 1
482 0
483 15
484 17
485 11
486 12
487 1
488 16
489 2
490 12
491 11
492 5
493 16
494 0
495 20
496 5
497 3
498 0
499 1
500 3
501 0
502 26
503 11
504 12
505 18
506 42
507 33
508 0
509 26
510 1
511 1
512 4
513 19
514 11
515 37
516 1
517 0
518 31
519 33
520 25
521 26
522 2
523 29
524 6
525 20
526 27
527 12
528 7
529 0
530 44
531 9
532 7
533 2
534 2
535 3
536 0
537 26
538 10
539 12
540 18
541 41
542 32
543 0
544 25
545 1
546 1
547 4
548 19
549 10
550 36
551 1
552 0
553 30
554 32
555 24
556 25
557 2
558 28
559 6
560 20
561 26
562 12
563 7
564 0
565 42
566 9
567 7
568 2
569 2
570 3
571 0
572 28
573 9
574 20
575 8
576 24
577 29
578 0
579 34
580 1
581 2
582 8
583 17
584 16
585 13
586 1
587 0
588 29
589 43
590 20
591 32
592 2
593 36
594 7
595 24
596 32
597 24
598 6
599 0
600 53
601 15
602 13
603 3
604 5
605 2
606 0
607 28
608 13
609 20
610 21
611 49
612 37
613 0
614 27
615 3
616 2
617 7
618 17
619 8
620 40
621 1
622 0
623 34
624 31
625 31
626 24
627 3
628 29
629 9
630 22
631 22
632 11
633 21
634 0
635 52
636 9
637 10
638 1
639 2
640 8
641 59
642 4
643 1
644 54
645 16
646 28
647 30
648 77
649 48
650 0
651 51
652 6
653 4
654 16
655 28
656 10
657 60
658 3
659 0
660 46
661 53
662 50
663 43
664 1
665 56
666 11
667 43
668 33
669 14
670 46
671 0
672 83
673 6
674 10
675 3
676 2
677 8
