0 12
1 12
2 188
3 64
4 112
5 72
6 232
7 176
8 0
9 204
10 16
11 12
12 48
13 104
14 44
15 168
16 4
17 0
18 156
19 228
20 152
21 144
22 8
23 216
24 32
25 152
26 156
27 112
28 288
29 0
30 280
31 36
32 40
33 8
34 24
35 4
36 0
37 72
38 32
39 84
40 76
41 184
42 80
43 0
44 68
45 4
46 4
47 16
48 32
49 20
50 92
51 4
52 0
53 84
54 92
55 56
56 64
57 4
58 80
59 12
60 56
61 52
62 100
63 16
64 0
65 116
66 20
67 20
68 4
69 8
70 12
71 0
72 144
73 52
74 68
75 100
76 196
77 128
78 0
79 140
80 8
81 4
82 32
83 84
84 44
85 144
86 4
87 0
88 120
89 148
90 128
91 108
92 12
93 152
94 36
95 124
96 104
97 64
98 68
99 0
100 244
101 32
102 44
103 4
104 24
105 8
106 0
107 88
108 44
109 76
110 64
111 188
112 156
113 0
114 88
115 12
116 16
117 24
118 64
119 36
120 160
121 4
122 0
123 120
124 100
125 104
126 80
127 8
128 96
129 24
130 72
131 100
132 112
133 92
134 0
135 216
136 28
137 28
138 4
139 16
140 12
141 240
142 20
143 16
144 0
145 0
146 24
147 8
148 12
149 16
150 40
151 40
152 0
153 24
154 4
155 4
156 8
157 16
158 8
159 40
160 0
161 0
162 28
163 24
164 28
165 20
166 4
167 24
168 8
169 20
170 20
171 20
172 24
173 0
174 44
175 8
176 4
177 4
178 4
179 8
180 12
181 4
182 136
183 48
184 84
185 68
186 212
187 156
188 0
189 148
190 8
191 12
192 44
193 88
194 40
195 152
196 4
197 0
198 136
199 164
200 128
201 112
202 12
203 152
204 32
205 112
206 184
207 132
208 56
209 0
210 232
211 32
212 32
213 12
214 32
215 8
216 0
217 140
218 44
219 60
220 100
221 244
222 124
223 0
224 132
225 8
226 8
227 60
228 76
229 20
230 156
231 4
232 0
233 112
234 160
235 112
236 108
237 8
238 148
239 24
240 116
241 80
242 60
243 168
244 0
245 148
246 28
247 24
248 8
249 20
250 4
251 0
252 104
253 28
254 44
255 20
256 76
257 108
258 0
259 116
260 8
261 8
262 40
263 56
264 48
265 48
266 4
267 0
268 76
269 148
270 60
271 96
272 28
273 120
274 28
275 88
276 124
277 60
278 20
279 0
280 144
281 60
282 28
283 12
284 32
285 24
286 0
287 0
288 4
289 4
290 4
291 4
292 8
293 4
294 0
295 4
296 0
297 0
298 0
299 0
300 0
301 4
302 0
303 0
304 4
305 4
306 0
307 4
308 0
309 4
310 0
311 4
312 4
313 0
314 0
315 0
316 8
317 0
318 0
319 0
320 0
321 4
322 0
323 104
324 28
325 28
326 36
327 76
328 96
329 0
330 120
331 4
332 4
333 20
334 36
335 40
336 36
337 0
338 0
339 60
340 140
341 44
342 68
343 12
344 124
345 20
346 88
347 112
348 68
349 16
350 0
351 120
352 44
353 24
354 8
355 32
356 4
357 0
358 140
359 36
360 40
361 48
362 104
363 132
364 0
365 164
366 4
367 8
368 28
369 48
370 56
371 48
372 0
373 0
374 84
375 192
376 60
377 92
378 20
379 172
380 24
381 120
382 156
383 96
384 20
385 0
386 164
387 60
388 36
389 12
390 44
391 12
392 352
393 24
394 168
395 0
396 0
397 36
398 16
399 16
400 24
401 64
402 48
403 0
404 36
405 4
406 4
407 8
408 20
409 8
410 60
411 4
412 0
413 40
414 36
415 40
416 32
417 4
418 40
419 8
420 28
421 28
422 12
423 32
424 0
425 72
426 12
427 12
428 4
429 4
430 4
431 0
432 40
433 16
434 20
435 24
436 64
437 44
438 0
439 44
440 4
441 0
442 12
443 28
444 12
445 40
446 0
447 0
448 40
449 52
450 36
451 40
452 4
453 44
454 8
455 32
456 36
457 20
458 12
459 0
460 72
461 12
462 12
463 4
464 8
465 4
466 0
467 60
468 20
469 20
470 52
471 148
472 64
473 0
474 60
475 4
476 4
477 20
478 32
479 16
480 48
481 4
482 0
483 60
484 68
485 44
486 48
487 4
488 64
489 8
490 48
491 44
492 20
493 64
494 0
495 80
496 20
497 12
498 0
499 4
500 12
501 0
502 104
503 44
504 48
505 72
506 168
507 132
508 0
509 104
510 4
511 4
512 16
513 76
514 44
515 148
516 4
517 0
518 124
519 132
520 100
521 104
522 8
523 116
524 24
525 80
526 108
527 48
528 28
529 0
530 176
531 36
532 28
533 8
534 8
535 12
536 0
537 104
538 40
539 48
540 72
541 164
542 128
543 0
544 100
545 4
546 4
547 16
548 76
549 40
550 144
551 4
552 0
553 120
554 128
555 96
556 100
557 8
558 112
559 24
560 80
561 104
562 48
563 28
564 0
565 168
566 36
567 28
568 8
569 8
570 12
571 0
572 112
573 36
574 80
575 32
576 96
577 116
578 0
579 136
580 4
581 8
582 32
583 68
584 64
585 52
586 4
587 0
588 116
589 172
590 80
591 128
592 8
593 144
594 28
595 96
596 128
597 96
598 24
599 0
600 212
601 60
602 52
603 12
604 20
605 8
606 0
607 112
608 52
609 80
610 84
611 196
612 148
613 0
614 108
615 12
616 8
617 28
618 68
619 32
620 160
621 4
622 0
623 136
624 124
625 124
626 96
627 12
628 116
629 36
630 88
631 88
632 44
633 84
634 0
635 208
636 36
637 40
638 4
639 8
640 32
641 236
642 16
643 4
644 216
645 64
646 112
647 120
648 308
649 192
650 0
651 204
652 24
653 16
654 64
655 112
656 40
657 240
658 12
659 0
660 184
661 212
662 200
663 172
664 4
665 224
666 44
667 172
668 132
669 56
670 184
671 0
672 332
673 24
674 40
675 12
676 8
677 32
