0 9
1 9
2 141
3 48
4 84
5 54
6 174
7 132
8 0
9 153
10 12
11 9
12 36
13 78
14 33
15 126
16 3
17 0
18 117
19 171
20 114
21 108
22 6
23 162
24 24
25 114
26 117
27 84
28 216
29 0
30 210
31 27
32 30
33 6
34 18
35 3
36 0
37 54
38 24
39 63
40 57
41 138
42 60
43 0
44 51
45 3
46 3
47 12
48 24
49 15
50 69
51 3
52 0
53 63
54 69
55 42
56 48
57 3
58 60
59 9
60 42
61 39
62 75
63 12
64 0
65 87
66 15
67 15
68 3
69 6
70 9
71 0
72 108
73 39
74 51
75 75
76 147
77 96
78 0
79 105
80 6
81 3
82 24
83 63
84 33
85 108
86 3
87 0
88 90
89 111
90 96
91 81
92 9
93 114
94 27
95 93
96 78
97 48
98 51
99 0
100 183
101 24
102 33
103 3
104 18
105 6
106 0
107 66
108 33
109 57
110 48
111 141
112 117
113 0
114 66
115 9
116 12
117 18
118 48
119 27
120 120
121 3
122 0
123 90
124 75
125 78
126 60
127 6
128 72
129 18
130 54
131 75
132 84
133 69
134 0
135 162
136 21
137 21
138 3
139 12
140 9
141 180
142 15
143 12
144 0
145 0
146 18
147 6
148 9
149 12
150 30
151 30
152 0
153 18
154 3
155 3
156 6
157 12
158 6
159 30
160 0
161 0
162 21
163 18
164 21
165 15
166 3
167 18
168 6
169 15
170 15
171 15
172 18
173 0
174 33
175 6
176 3
177 3
178 3
179 6
180 9
181 3
182 102
183 36
184 63
185 51
186 159
187 117
188 0
189 111
190 6
191 9
192 33
193 66
194 30
195 114
196 3
197 0
198 102
199 123
200 96
201 84
202 9
203 114
204 24
205 84
206 138
207 99
208 42
209 0
210 174
211 24
212 24
213 9
214 24
215 6
216 0
217 105
218 33
219 45
220 75
221 183
222 93
223 0
224 99
225 6
226 6
227 45
228 57
229 15
230 117
231 3
232 0
233 84
234 120
235 84
236 81
237 6
238 111
239 18
240 87
241 60
242 45
243 126
244 0
245 111
246 21
247 18
248 6
249 15
250 3
251 0
252 78
253 21
254 33
255 15
256 57
257 81
258 0
259 87
260 6
261 6
262 30
263 42
264 36
265 36
266 3
267 0
268 57
269 111
270 45
271 72
272 21
273 90
274 21
275 66
276 93
277 45
278 15
279 0
280 108
281 45
282 21
283 9
284 24
285 18
286 0
287 0
288 3
289 3
290 3
291 3
292 6
293 3
294 0
295 3
296 0
297 0
298 0
299 0
300 0
301 3
302 0
303 0
304 3
305 3
306 0
307 3
308 0
309 3
310 0
311 3
312 3
313 0
314 0
315 0
316 6
317 0
318 0
319 0
320 0
321 3
322 0
323 78
324 21
325 21
326 27
327 57
328 72
329 0
330 90
331 3
332 3
333 15
334 27
335 30
336 27
337 0
338 0
339 45
340 105
341 33
342 51
343 9
344 93
345 15
346 66
347 84
348 51
349 12
350 0
351 90
352 33
353 18
354 6
355 24
356 3
357 0
358 105
359 27
360 30
361 36
362 78
363 99
364 0
365 123
366 3
367 6
368 21
369 36
370 42
371 36
372 0
373 0
374 63
375 144
376 45
377 69
378 15
379 129
380 18
381 90
382 117
383 72
384 15
385 0
386 123
387 45
388 27
389 9
390 33
391 9
392 264
393 18
394 126
395 0
396 0
397 27
398 12
399 12
400 18
401 48
402 36
403 0
404 27
405 3
406 3
407 6
408 15
409 6
410 45
411 3
412 0
413 30
414 27
415 30
416 24
417 3
418 30
419 6
420 21
421 21
422 9
423 24
424 0
425 54
426 9
427 9
428 3
429 3
430 3
431 0
432 30
433 12
434 15
435 18
436 48
437 33
438 0
439 33
440 3
441 0
442 9
443 21
444 9
445 30
446 0
447 0
448 30
449 39
450 27
451 30
452 3
453 33
454 6
455 24
456 27
457 15
458 9
459 0
460 54
461 9
462 9
463 3
464 6
465 3
466 0
467 45
468 15
469 15
470 39
471 111
472 48
473 0
474 45
475 3
476 3
477 15
478 24
479 12
480 36
481 3
482 0
483 45
484 51
485 33
486 36
487 3
488 48
489 6
490 36
491 33
492 15
493 48
494 0
495 60
496 15
497 9
498 0
499 3
500 9
501 0
502 78
503 33
504 36
505 54
506 126
507 99
508 0
509 78
510 3
511 3
512 12
513 57
514 33
515 111
516 3
517 0
518 93
519 99
520 75
521 78
522 6
523 87
524 18
525 60
526 81
527 36
528 21
529 0
530 132
531 27
532 21
533 6
534 6
535 9
536 0
537 78
538 30
539 36
540 54
541 123
542 96
543 0
544 75
545 3
546 3
547 12
548 57
549 30
550 108
551 3
552 0
553 90
554 96
555 72
556 75
557 6
558 84
559 18
560 60
561 78
562 36
563 21
564 0
565 126
566 27
567 21
568 6
569 6
570 9
571 0
572 84
573 27
574 60
575 24
576 72
577 87
578 0
579 102
580 3
581 6
582 24
583 51
584 48
585 39
586 3
587 0
588 87
589 129
590 60
591 96
592 6
593 108
594 21
595 72
596 96
597 72
598 18
599 0
600 159
601 45
602 39
603 9
604 15
605 6
606 0
607 84
608 39
609 60
610 63
611 147
612 111
613 0
614 81
615 9
616 6
617 21
618 51
619 24
620 120
621 3
622 0
623 102
624 93
625 93
626 72
627 9
628 87
629 27
630 66
631 66
632 33
633 63
634 0
635 156
636 27
637 30
638 3
639 6
640 24
641 177
642 12
643 3
644 162
645 48
646 84
647 90
648 231
649 144
650 0
651 153
652 18
653 12
654 48
655 84
656 30
657 180
658 9
659 0
660 138
661 159
662 150
663 129
664 3
665 168
666 33
667 129
668 99
669 42
670 138
671 0
672 249
673 18
674 30
675 9
676 6
677 24
