0 31
1 7
2 343
3 144
4 195
5 167
6 504
7 367
8 0
9 372
10 25
11 18
12 92
13 220
14 108
15 350
16 14
17 0
18 322
19 433
20 276
21 311
22 43
23 399
24 79
25 276
26 317
27 249
28 147
29 0
30 583
31 108
32 96
33 26
34 70
35 19
36 5
37 254
38 122
39 147
40 244
41 570
42 287
43 0
44 243
45 20
46 15
47 81
48 145
49 59
50 328
51 10
52 0
53 265
54 280
55 228
56 226
57 15
58 270
59 49
60 202
61 191
62 153
63 142
64 0
65 431
66 70
67 65
68 15
69 25
70 30
71 10
72 347
73 130
74 188
75 206
76 563
77 409
78 0
79 352
80 29
81 20
82 95
83 226
84 99
85 463
86 16
87 0
88 341
89 403
90 339
91 307
92 47
93 380
94 77
95 287
96 334
97 224
98 198
99 0
100 618
101 92
102 93
103 28
104 50
105 19
106 6
107 214
108 80
109 116
110 127
111 347
112 252
113 0
114 217
115 18
116 12
117 59
118 139
119 61
120 286
121 10
122 0
123 210
124 249
125 209
126 189
127 29
128 234
129 48
130 177
131 206
132 138
133 122
134 0
135 381
136 57
137 57
138 17
139 31
140 12
141 187
142 19
143 20
144 5
145 3
146 60
147 23
148 34
149 36
150 101
151 70
152 0
153 60
154 5
155 3
156 19
157 36
158 16
159 83
160 2
161 0
162 61
163 66
164 56
165 51
166 6
167 64
168 14
169 50
170 48
171 41
172 41
173 0
174 102
175 15
176 15
177 5
178 7
179 28
180 32
181 7
182 354
183 148
184 201
185 172
186 519
187 378
188 0
189 384
190 26
191 18
192 95
193 227
194 111
195 361
196 14
197 0
198 332
199 446
200 284
201 321
202 44
203 411
204 81
205 285
206 327
207 256
208 151
209 0
210 601
211 111
212 99
213 27
214 72
215 23
216 6
217 306
218 146
219 177
220 294
221 687
222 346
223 0
224 293
225 24
226 19
227 97
228 175
229 71
230 395
231 11
232 0
233 320
234 337
235 275
236 272
237 18
238 325
239 59
240 244
241 231
242 185
243 171
244 0
245 520
246 85
247 78
248 18
249 30
250 18
251 2
252 210
253 74
254 119
255 58
256 207
257 227
258 0
259 227
260 12
261 15
262 67
263 122
264 89
265 106
266 5
267 0
268 166
269 275
270 140
271 188
272 35
273 243
274 47
275 173
276 239
277 205
278 66
279 0
280 363
281 85
282 70
283 16
284 61
285 35
286 23
287 6
288 306
289 146
290 177
291 294
292 687
293 346
294 0
295 293
296 24
297 19
298 97
299 175
300 71
301 395
302 11
303 0
304 320
305 337
306 275
307 272
308 18
309 325
310 59
311 244
312 231
313 185
314 171
315 0
316 520
317 85
318 78
319 18
320 30
321 13
322 8
323 216
324 88
325 135
326 135
327 343
328 207
329 0
330 225
331 12
332 15
333 71
334 99
335 83
336 97
337 5
338 0
339 180
340 269
341 137
342 174
343 25
344 243
345 44
346 175
347 237
348 207
349 96
350 0
351 355
352 77
353 60
354 12
355 53
356 16
357 10
358 281
359 114
360 176
361 176
362 447
363 269
364 0
365 292
366 16
367 19
368 93
369 129
370 108
371 126
372 6
373 0
374 234
375 351
376 178
377 226
378 32
379 317
380 58
381 228
382 308
383 270
384 125
385 0
386 463
387 101
388 78
389 15
390 68
391 18
392 398
393 27
394 282
395 7
396 3
397 68
398 32
399 39
400 46
401 137
402 89
403 0
404 66
405 6
406 5
407 24
408 47
409 18
410 109
411 4
412 0
413 77
414 77
415 76
416 67
417 7
418 72
419 17
420 55
421 58
422 56
423 48
424 0
425 136
426 21
427 20
428 6
429 8
430 5
431 1
432 51
433 21
434 29
435 25
436 75
437 55
438 0
439 56
440 4
441 3
442 14
443 33
444 16
445 52
446 2
447 0
448 48
449 65
450 41
451 46
452 6
453 60
454 12
455 41
456 47
457 37
458 22
459 0
460 87
461 16
462 14
463 4
464 10
465 11
466 3
467 140
468 67
469 81
470 134
471 315
472 158
473 0
474 134
475 11
476 9
477 44
478 80
479 32
480 181
481 5
482 0
483 146
484 154
485 126
486 125
487 8
488 149
489 27
490 112
491 106
492 85
493 79
494 0
495 238
496 39
497 36
498 8
499 14
500 19
501 6
502 214
503 80
504 116
505 127
506 347
507 252
508 0
509 217
510 18
511 12
512 59
513 139
514 61
515 286
516 10
517 0
518 210
519 249
520 209
521 189
522 29
523 234
524 48
525 177
526 206
527 138
528 122
529 0
530 381
531 57
532 57
533 17
534 31
535 20
536 7
537 235
538 88
539 127
540 139
541 381
542 277
543 0
544 238
545 19
546 14
547 64
548 153
549 67
550 313
551 11
552 0
553 231
554 273
555 229
556 208
557 32
558 257
559 52
560 194
561 226
562 151
563 134
564 0
565 418
566 63
567 63
568 19
569 34
570 17
571 2
572 195
573 68
574 111
575 54
576 192
577 212
578 0
579 212
580 11
581 14
582 63
583 114
584 83
585 99
586 5
587 0
588 155
589 256
590 131
591 175
592 33
593 226
594 44
595 162
596 222
597 191
598 62
599 0
600 339
601 79
602 65
603 15
604 57
605 26
606 10
607 270
608 127
609 157
610 184
611 547
612 356
613 0
614 263
615 25
616 21
617 95
618 187
619 70
620 435
621 16
622 0
623 309
624 306
625 302
626 269
627 29
628 288
629 67
630 218
631 231
632 225
633 191
634 0
635 541
636 85
637 79
638 23
639 32
640 29
641 122
642 32
643 10
644 366
645 137
646 198
647 217
648 594
649 432
650 0
651 372
652 30
653 21
654 100
655 238
656 104
657 489
658 17
659 0
660 360
661 425
662 357
663 324
664 50
665 401
666 81
667 303
668 352
669 236
670 209
671 0
672 652
673 98
674 98
675 30
676 53
677 43
