0 10
1 1
2 118
3 41
4 48
5 49
6 141
7 100
8 0
9 135
10 8
11 5
12 20
13 52
14 29
15 99
16 4
17 0
18 90
19 156
20 69
21 83
22 22
23 145
24 26
25 94
26 85
27 57
28 30
29 0
30 165
31 31
32 28
33 5
34 23
35 5
36 1
37 49
38 26
39 45
40 51
41 109
42 60
43 0
44 50
45 7
46 4
47 17
48 31
49 16
50 72
51 2
52 0
53 57
54 56
55 62
56 51
57 5
58 52
59 13
60 44
61 43
62 25
63 78
64 0
65 96
66 16
67 14
68 4
69 8
70 6
71 2
72 62
73 29
74 36
75 45
76 119
77 76
78 0
79 59
80 4
81 2
82 20
83 39
84 19
85 99
86 4
87 0
88 72
89 65
90 63
91 61
92 7
93 67
94 14
95 49
96 64
97 82
98 26
99 0
100 120
101 18
102 21
103 4
104 10
105 5
106 1
107 54
108 20
109 24
110 31
111 99
112 62
113 0
114 53
115 4
116 2
117 15
118 31
119 14
120 71
121 2
122 0
123 53
124 58
125 49
126 44
127 13
128 57
129 12
130 46
131 50
132 25
133 23
134 0
135 83
136 18
137 13
138 2
139 10
140 3
141 55
142 7
143 6
144 3
145 10
146 27
147 16
148 15
149 12
150 42
151 47
152 0
153 28
154 4
155 6
156 19
157 17
158 9
159 19
160 1
161 0
162 21
163 35
164 20
165 26
166 9
167 32
168 7
169 21
170 48
171 19
172 12
173 0
174 47
175 15
176 10
177 5
178 20
179 7
180 6
181 2
182 68
183 30
184 33
185 35
186 116
187 86
188 0
189 74
190 5
191 4
192 19
193 47
194 22
195 75
196 2
197 0
198 66
199 85
200 57
201 64
202 16
203 80
204 18
205 52
206 80
207 30
208 22
209 0
210 102
211 20
212 18
213 8
214 19
215 3
216 1
217 47
218 26
219 46
220 46
221 124
222 71
223 0
224 47
225 4
226 3
227 17
228 32
229 11
230 71
231 2
232 0
233 53
234 53
235 45
236 46
237 3
238 51
239 9
240 41
241 42
242 69
243 13
244 0
245 84
246 17
247 13
248 4
249 8
250 4
251 0
252 45
253 18
254 36
255 15
256 50
257 60
258 0
259 49
260 4
261 4
262 25
263 26
264 18
265 25
266 1
267 0
268 35
269 58
270 35
271 41
272 12
273 52
274 11
275 38
276 62
277 70
278 16
279 0
280 85
281 19
282 13
283 4
284 16
285 3
286 2
287 0
288 48
289 24
290 18
291 51
292 101
293 43
294 0
295 52
296 3
297 2
298 22
299 23
300 11
301 18
302 1
303 0
304 40
305 59
306 30
307 44
308 4
309 55
310 5
311 40
312 45
313 30
314 13
315 0
316 78
317 16
318 17
319 2
320 7
321 3
322 0
323 48
324 16
325 29
326 32
327 70
328 39
329 0
330 48
331 2
332 3
333 13
334 21
335 18
336 19
337 1
338 0
339 38
340 57
341 28
342 38
343 4
344 54
345 6
346 38
347 49
348 51
349 10
350 0
351 78
352 15
353 14
354 2
355 11
356 3
357 0
358 62
359 21
360 37
361 41
362 91
363 51
364 0
365 62
366 3
367 3
368 16
369 28
370 23
371 24
372 1
373 0
374 49
375 74
376 36
377 49
378 5
379 69
380 8
381 49
382 64
383 66
384 13
385 0
386 101
387 19
388 18
389 3
390 14
391 5
392 98
393 7
394 76
395 2
396 1
397 17
398 8
399 9
400 17
401 42
402 21
403 0
404 16
405 2
406 1
407 6
408 13
409 4
410 26
411 1
412 0
413 20
414 17
415 19
416 16
417 1
418 18
419 4
420 13
421 15
422 5
423 19
424 0
425 32
426 5
427 5
428 1
429 1
430 1
431 0
432 15
433 6
434 8
435 8
436 21
437 15
438 0
439 16
440 1
441 1
442 4
443 9
444 5
445 16
446 1
447 0
448 15
449 19
450 12
451 15
452 1
453 18
454 3
455 12
456 12
457 7
458 4
459 0
460 24
461 5
462 4
463 1
464 2
465 3
466 0
467 26
468 14
469 15
470 32
471 64
472 32
473 0
474 26
475 2
476 2
477 8
478 16
479 6
480 41
481 1
482 0
483 30
484 28
485 26
486 23
487 2
488 27
489 5
490 22
491 18
492 11
493 10
494 0
495 42
496 8
497 7
498 2
499 2
500 5
501 7
502 50
503 21
504 27
505 41
506 94
507 69
508 0
509 49
510 4
511 3
512 14
513 37
514 17
515 77
516 3
517 0
518 60
519 55
520 52
521 47
522 4
523 53
524 14
525 40
526 49
527 21
528 31
529 0
530 96
531 17
532 15
533 6
534 5
535 6
536 8
537 58
538 24
539 32
540 47
541 109
542 80
543 0
544 57
545 5
546 3
547 16
548 43
549 20
550 89
551 3
552 0
553 70
554 64
555 60
556 55
557 4
558 62
559 17
560 47
561 57
562 24
563 36
564 0
565 111
566 19
567 18
568 6
569 6
570 4
571 2
572 58
573 22
574 32
575 15
576 54
577 63
578 0
579 67
580 4
581 4
582 16
583 36
584 27
585 32
586 2
587 0
588 52
589 79
590 41
591 59
592 6
593 68
594 13
595 50
596 65
597 43
598 43
599 0
600 102
601 21
602 18
603 5
604 11
605 7
606 2
607 64
608 29
609 38
610 51
611 120
612 78
613 0
614 61
615 5
616 3
617 21
618 44
619 15
620 101
621 3
622 0
623 68
624 73
625 79
626 69
627 2
628 67
629 18
630 51
631 47
632 18
633 23
634 0
635 158
636 16
637 16
638 5
639 4
640 8
641 18
642 7
643 1
644 105
645 32
646 49
647 64
648 148
649 98
650 0
651 104
652 10
653 2
654 18
655 52
656 25
657 121
658 5
659 0
660 94
661 118
662 92
663 76
664 3
665 112
666 22
667 87
668 71
669 36
670 65
671 0
672 153
673 22
674 25
675 7
676 2
677 5
