0 5
1 1
2 48
3 29
4 26
5 36
6 107
7 88
8 0
9 51
10 4
11 8
12 16
13 36
14 23
15 70
16 2
17 0
18 64
19 70
20 46
21 60
22 17
23 55
24 15
25 43
26 56
27 66
28 18
29 0
30 115
31 51
32 17
33 7
34 19
35 3
36 3
37 37
38 20
39 22
40 27
41 96
42 59
43 0
44 36
45 3
46 2
47 23
48 33
49 8
50 66
51 2
52 0
53 47
54 36
55 49
56 40
57 2
58 39
59 10
60 29
61 34
62 16
63 37
64 0
65 83
66 5
67 13
68 3
69 4
70 5
71 1
72 48
73 30
74 23
75 39
76 112
77 86
78 0
79 49
80 5
81 6
82 19
83 42
84 18
85 79
86 2
87 0
88 66
89 62
90 53
91 64
92 12
93 52
94 14
95 41
96 57
97 35
98 30
99 0
100 125
101 36
102 16
103 6
104 13
105 3
106 1
107 48
108 17
109 38
110 31
111 42
112 15
113 0
114 46
115 3
116 1
117 20
118 19
119 7
120 23
121 2
122 0
123 34
124 43
125 34
126 32
127 0
128 49
129 3
130 43
131 20
132 15
133 24
134 0
135 50
136 3
137 10
138 0
139 0
140 15
141 37
142 4
143 6
144 1
145 0
146 53
147 2
148 11
149 2
150 25
151 25
152 0
153 53
154 1
155 1
156 1
157 14
158 10
159 16
160 0
161 0
162 13
163 66
164 16
165 25
166 1
167 62
168 5
169 38
170 38
171 31
172 3
173 0
174 35
175 9
176 10
177 1
178 3
179 7
180 5
181 1
182 48
183 30
184 23
185 39
186 112
187 86
188 0
189 49
190 5
191 6
192 19
193 42
194 18
195 79
196 2
197 0
198 66
199 62
200 53
201 64
202 12
203 52
204 14
205 41
206 57
207 35
208 30
209 0
210 125
211 36
212 16
213 6
214 13
215 5
216 1
217 48
218 30
219 23
220 39
221 112
222 86
223 0
224 49
225 5
226 6
227 19
228 42
229 18
230 79
231 2
232 0
233 66
234 62
235 53
236 64
237 12
238 52
239 14
240 41
241 57
242 35
243 30
244 0
245 125
246 36
247 16
248 6
249 13
250 4
251 3
252 36
253 21
254 26
255 28
256 98
257 63
258 0
259 34
260 3
261 2
262 22
263 30
264 7
265 68
266 2
267 0
268 49
269 36
270 49
271 40
272 3
273 38
274 10
275 28
276 34
277 18
278 39
279 0
280 89
281 6
282 12
283 3
284 4
285 6
286 5
287 1
288 48
289 30
290 23
291 39
292 112
293 86
294 0
295 49
296 5
297 6
298 19
299 42
300 18
301 79
302 2
303 0
304 66
305 62
306 53
307 64
308 12
309 52
310 14
311 41
312 57
313 35
314 30
315 0
316 125
317 36
318 16
319 6
320 13
321 3
322 4
323 38
324 15
325 23
326 19
327 94
328 44
329 0
330 37
331 4
332 3
333 18
334 30
335 7
336 59
337 2
338 0
339 47
340 35
341 48
342 36
343 1
344 40
345 9
346 31
347 27
348 14
349 42
350 0
351 72
352 3
353 12
354 2
355 1
356 6
357 2
358 37
359 22
360 28
361 36
362 109
363 65
364 0
365 37
366 5
367 3
368 21
369 32
370 8
371 71
372 3
373 0
374 51
375 40
376 50
377 44
378 4
379 39
380 10
381 30
382 42
383 24
384 43
385 0
386 106
387 7
388 11
389 3
390 5
391 1
392 51
393 6
394 39
395 2
396 0
397 18
398 10
399 6
400 14
401 15
402 4
403 0
404 16
405 1
406 0
407 8
408 8
409 3
410 7
411 1
412 0
413 12
414 15
415 12
416 16
417 0
418 18
419 1
420 15
421 7
422 6
423 9
424 0
425 21
426 2
427 7
428 0
429 0
430 2
431 0
432 14
433 3
434 2
435 8
436 13
437 3
438 0
439 13
440 1
441 0
442 4
443 6
444 3
445 5
446 0
447 0
448 7
449 13
450 8
451 13
452 0
453 15
454 1
455 11
456 6
457 4
458 5
459 0
460 14
461 2
462 5
463 0
464 0
465 2
466 0
467 32
468 15
469 18
470 25
471 24
472 8
473 0
474 30
475 2
476 1
477 14
478 13
479 5
480 13
481 1
482 0
483 21
484 27
485 21
486 23
487 0
488 32
489 1
490 28
491 13
492 10
493 16
494 0
495 33
496 2
497 9
498 0
499 0
500 3
501 1
502 48
503 17
504 38
505 31
506 42
507 15
508 0
509 46
510 3
511 1
512 20
513 19
514 7
515 23
516 2
517 0
518 34
519 43
520 34
521 32
522 0
523 49
524 3
525 43
526 20
527 15
528 24
529 0
530 50
531 3
532 10
533 0
534 0
535 3
536 4
537 37
538 16
539 22
540 22
541 95
542 51
543 0
544 36
545 4
546 3
547 21
548 32
549 8
550 63
551 2
552 0
553 46
554 35
555 48
556 38
557 2
558 39
559 10
560 29
561 30
562 14
563 39
564 0
565 78
566 4
567 12
568 2
569 3
570 3
571 3
572 37
573 20
574 22
575 27
576 96
577 59
578 0
579 36
580 3
581 2
582 23
583 33
584 8
585 66
586 2
587 0
588 47
589 36
590 49
591 40
592 2
593 39
594 10
595 29
596 34
597 16
598 37
599 0
600 83
601 5
602 13
603 3
604 4
605 6
606 2
607 37
608 22
609 28
610 36
611 109
612 65
613 0
614 37
615 5
616 3
617 21
618 32
619 8
620 71
621 3
622 0
623 51
624 40
625 50
626 44
627 4
628 39
629 10
630 30
631 42
632 24
633 43
634 0
635 106
636 7
637 11
638 3
639 5
640 2
641 6
642 6
643 1
644 53
645 31
646 36
647 40
648 102
649 89
650 0
651 57
652 4
653 9
654 14
655 36
656 31
657 62
658 2
659 0
660 70
661 82
662 45
663 63
664 24
665 61
666 19
667 46
668 64
669 94
670 14
671 0
672 115
673 58
674 23
675 9
676 24
677 31
