0 26
1 26
2 114
3 52
4 76
5 56
6 136
7 108
8 20
9 122
10 28
11 26
12 44
13 72
14 42
15 104
16 22
17 20
18 98
19 134
20 96
21 92
22 24
23 128
24 36
25 96
26 98
27 76
28 164
29 20
30 160
31 38
32 40
33 24
34 32
35 22
36 20
37 56
38 36
39 62
40 58
41 112
42 60
43 20
44 54
45 22
46 22
47 28
48 36
49 30
50 66
51 22
52 20
53 62
54 66
55 48
56 52
57 22
58 60
59 26
60 48
61 46
62 70
63 28
64 20
65 78
66 30
67 30
68 22
69 24
70 26
71 20
72 92
73 46
74 54
75 70
76 118
77 84
78 20
79 90
80 24
81 22
82 36
83 62
84 42
85 92
86 22
87 20
88 80
89 94
90 84
91 74
92 26
93 96
94 38
95 82
96 72
97 52
98 54
99 20
100 142
101 36
102 42
103 22
104 32
105 24
106 20
107 64
108 42
109 58
110 52
111 114
112 98
113 20
114 64
115 26
116 28
117 32
118 52
119 38
120 100
121 22
122 20
123 80
124 70
125 72
126 60
127 24
128 68
129 32
130 56
131 70
132 76
133 66
134 20
135 128
136 34
137 34
138 22
139 28
140 26
141 140
142 30
143 28
144 20
145 20
146 32
147 24
148 26
149 28
150 40
151 40
152 20
153 32
154 22
155 22
156 24
157 28
158 24
159 40
160 20
161 20
162 34
163 32
164 34
165 30
166 22
167 32
168 24
169 30
170 30
171 30
172 32
173 20
174 42
175 24
176 22
177 22
178 22
179 24
180 26
181 22
182 88
183 44
184 62
185 54
186 126
187 98
188 20
189 94
190 24
191 26
192 42
193 64
194 40
195 96
196 22
197 20
198 88
199 102
200 84
201 76
202 26
203 96
204 36
205 76
206 112
207 86
208 48
209 20
210 136
211 36
212 36
213 26
214 36
215 24
216 20
217 90
218 42
219 50
220 70
221 142
222 82
223 20
224 86
225 24
226 24
227 50
228 58
229 30
230 98
231 22
232 20
233 76
234 100
235 76
236 74
237 24
238 94
239 32
240 78
241 60
242 50
243 104
244 20
245 94
246 34
247 32
248 24
249 30
250 22
251 20
252 72
253 34
254 42
255 30
256 58
257 74
258 20
259 78
260 24
261 24
262 40
263 48
264 44
265 44
266 22
267 20
268 58
269 94
270 50
271 68
272 34
273 80
274 34
275 64
276 82
277 50
278 30
279 20
280 92
281 50
282 34
283 26
284 36
285 32
286 20
287 20
288 22
289 22
290 22
291 22
292 24
293 22
294 20
295 22
296 20
297 20
298 20
299 20
300 20
301 22
302 20
303 20
304 22
305 22
306 20
307 22
308 20
309 22
310 20
311 22
312 22
313 20
314 20
315 20
316 24
317 20
318 20
319 20
320 20
321 22
322 20
323 72
324 34
325 34
326 38
327 58
328 68
329 20
330 80
331 22
332 22
333 30
334 38
335 40
336 38
337 20
338 20
339 50
340 90
341 42
342 54
343 26
344 82
345 30
346 64
347 76
348 54
349 28
350 20
351 80
352 42
353 32
354 24
355 36
356 22
357 20
358 90
359 38
360 40
361 44
362 72
363 86
364 20
365 102
366 22
367 24
368 34
369 44
370 48
371 44
372 20
373 20
374 62
375 116
376 50
377 66
378 30
379 106
380 32
381 80
382 98
383 68
384 30
385 20
386 102
387 50
388 38
389 26
390 42
391 26
392 196
393 32
394 104
395 20
396 20
397 38
398 28
399 28
400 32
401 52
402 44
403 20
404 38
405 22
406 22
407 24
408 30
409 24
410 50
411 22
412 20
413 40
414 38
415 40
416 36
417 22
418 40
419 24
420 34
421 34
422 26
423 36
424 20
425 56
426 26
427 26
428 22
429 22
430 22
431 20
432 40
433 28
434 30
435 32
436 52
437 42
438 20
439 42
440 22
441 20
442 26
443 34
444 26
445 40
446 20
447 20
448 40
449 46
450 38
451 40
452 22
453 42
454 24
455 36
456 38
457 30
458 26
459 20
460 56
461 26
462 26
463 22
464 24
465 22
466 20
467 50
468 30
469 30
470 46
471 94
472 52
473 20
474 50
475 22
476 22
477 30
478 36
479 28
480 44
481 22
482 20
483 50
484 54
485 42
486 44
487 22
488 52
489 24
490 44
491 42
492 30
493 52
494 20
495 60
496 30
497 26
498 20
499 22
500 26
501 20
502 72
503 42
504 44
505 56
506 104
507 86
508 20
509 72
510 22
511 22
512 28
513 58
514 42
515 94
516 22
517 20
518 82
519 86
520 70
521 72
522 24
523 78
524 32
525 60
526 74
527 44
528 34
529 20
530 108
531 38
532 34
533 24
534 24
535 26
536 20
537 72
538 40
539 44
540 56
541 102
542 84
543 20
544 70
545 22
546 22
547 28
548 58
549 40
550 92
551 22
552 20
553 80
554 84
555 68
556 70
557 24
558 76
559 32
560 60
561 72
562 44
563 34
564 20
565 104
566 38
567 34
568 24
569 24
570 26
571 20
572 76
573 38
574 60
575 36
576 68
577 78
578 20
579 88
580 22
581 24
582 36
583 54
584 52
585 46
586 22
587 20
588 78
589 106
590 60
591 84
592 24
593 92
594 34
595 68
596 84
597 68
598 32
599 20
600 126
601 50
602 46
603 26
604 30
605 24
606 20
607 76
608 46
609 60
610 62
611 118
612 94
613 20
614 74
615 26
616 24
617 34
618 54
619 36
620 100
621 22
622 20
623 88
624 82
625 82
626 68
627 26
628 78
629 38
630 64
631 64
632 42
633 62
634 20
635 124
636 38
637 40
638 22
639 24
640 36
641 138
642 28
643 22
644 128
645 52
646 76
647 80
648 174
649 116
650 20
651 122
652 32
653 28
654 52
655 76
656 40
657 140
658 26
659 20
660 112
661 126
662 120
663 106
664 22
665 132
666 42
667 106
668 86
669 48
670 112
671 20
672 186
673 32
674 40
675 26
676 24
677 36
