0 6
1 6
2 94
3 32
4 56
5 36
6 116
7 88
8 0
9 102
10 8
11 6
12 24
13 52
14 22
15 84
16 2
17 0
18 78
19 114
20 76
21 72
22 4
23 108
24 16
25 76
26 78
27 56
28 144
29 0
30 140
31 18
32 20
33 4
34 12
35 2
36 0
37 36
38 16
39 42
40 38
41 92
42 40
43 0
44 34
45 2
46 2
47 8
48 16
49 10
50 46
51 2
52 0
53 42
54 46
55 28
56 32
57 2
58 40
59 6
60 28
61 26
62 50
63 8
64 0
65 58
66 10
67 10
68 2
69 4
70 6
71 0
72 72
73 26
74 34
75 50
76 98
77 64
78 0
79 70
80 4
81 2
82 16
83 42
84 22
85 72
86 2
87 0
88 60
89 74
90 64
91 54
92 6
93 76
94 18
95 62
96 52
97 32
98 34
99 0
100 122
101 16
102 22
103 2
104 12
105 4
106 0
107 44
108 22
109 38
110 32
111 94
112 78
113 0
114 44
115 6
116 8
117 12
118 32
119 18
120 80
121 2
122 0
123 60
124 50
125 52
126 40
127 4
128 48
129 12
130 36
131 50
132 56
133 46
134 0
135 108
136 14
137 14
138 2
139 8
140 6
141 120
142 10
143 8
144 0
145 0
146 12
147 4
148 6
149 8
150 20
151 20
152 0
153 12
154 2
155 2
156 4
157 8
158 4
159 20
160 0
161 0
162 14
163 12
164 14
165 10
166 2
167 12
168 4
169 10
170 10
171 10
172 12
173 0
174 22
175 4
176 2
177 2
178 2
179 4
180 6
181 2
182 68
183 24
184 42
185 34
186 106
187 78
188 0
189 74
190 4
191 6
192 22
193 44
194 20
195 76
196 2
197 0
198 68
199 82
200 64
201 56
202 6
203 76
204 16
205 56
206 92
207 66
208 28
209 0
210 116
211 16
212 16
213 6
214 16
215 4
216 0
217 70
218 22
219 30
220 50
221 122
222 62
223 0
224 66
225 4
226 4
227 30
228 38
229 10
230 78
231 2
232 0
233 56
234 80
235 56
236 54
237 4
238 74
239 12
240 58
241 40
242 30
243 84
244 0
245 74
246 14
247 12
248 4
249 10
250 2
251 0
252 52
253 14
254 22
255 10
256 38
257 54
258 0
259 58
260 4
261 4
262 20
263 28
264 24
265 24
266 2
267 0
268 38
269 74
270 30
271 48
272 14
273 60
274 14
275 44
276 62
277 30
278 10
279 0
280 72
281 30
282 14
283 6
284 16
285 12
286 0
287 0
288 2
289 2
290 2
291 2
292 4
293 2
294 0
295 2
296 0
297 0
298 0
299 0
300 0
301 2
302 0
303 0
304 2
305 2
306 0
307 2
308 0
309 2
310 0
311 2
312 2
313 0
314 0
315 0
316 4
317 0
318 0
319 0
320 0
321 2
322 0
323 52
324 14
325 14
326 18
327 38
328 48
329 0
330 60
331 2
332 2
333 10
334 18
335 20
336 18
337 0
338 0
339 30
340 70
341 22
342 34
343 6
344 62
345 10
346 44
347 56
348 34
349 8
350 0
351 60
352 22
353 12
354 4
355 16
356 2
357 0
358 70
359 18
360 20
361 24
362 52
363 66
364 0
365 82
366 2
367 4
368 14
369 24
370 28
371 24
372 0
373 0
374 42
375 96
376 30
377 46
378 10
379 86
380 12
381 60
382 78
383 48
384 10
385 0
386 82
387 30
388 18
389 6
390 22
391 6
392 176
393 12
394 84
395 0
396 0
397 18
398 8
399 8
400 12
401 32
402 24
403 0
404 18
405 2
406 2
407 4
408 10
409 4
410 30
411 2
412 0
413 20
414 18
415 20
416 16
417 2
418 20
419 4
420 14
421 14
422 6
423 16
424 0
425 36
426 6
427 6
428 2
429 2
430 2
431 0
432 20
433 8
434 10
435 12
436 32
437 22
438 0
439 22
440 2
441 0
442 6
443 14
444 6
445 20
446 0
447 0
448 20
449 26
450 18
451 20
452 2
453 22
454 4
455 16
456 18
457 10
458 6
459 0
460 36
461 6
462 6
463 2
464 4
465 2
466 0
467 30
468 10
469 10
470 26
471 74
472 32
473 0
474 30
475 2
476 2
477 10
478 16
479 8
480 24
481 2
482 0
483 30
484 34
485 22
486 24
487 2
488 32
489 4
490 24
491 22
492 10
493 32
494 0
495 40
496 10
497 6
498 0
499 2
500 6
501 0
502 52
503 22
504 24
505 36
506 84
507 66
508 0
509 52
510 2
511 2
512 8
513 38
514 22
515 74
516 2
517 0
518 62
519 66
520 50
521 52
522 4
523 58
524 12
525 40
526 54
527 24
528 14
529 0
530 88
531 18
532 14
533 4
534 4
535 6
536 0
537 52
538 20
539 24
540 36
541 82
542 64
543 0
544 50
545 2
546 2
547 8
548 38
549 20
550 72
551 2
552 0
553 60
554 64
555 48
556 50
557 4
558 56
559 12
560 40
561 52
562 24
563 14
564 0
565 84
566 18
567 14
568 4
569 4
570 6
571 0
572 56
573 18
574 40
575 16
576 48
577 58
578 0
579 68
580 2
581 4
582 16
583 34
584 32
585 26
586 2
587 0
588 58
589 86
590 40
591 64
592 4
593 72
594 14
595 48
596 64
597 48
598 12
599 0
600 106
601 30
602 26
603 6
604 10
605 4
606 0
607 56
608 26
609 40
610 42
611 98
612 74
613 0
614 54
615 6
616 4
617 14
618 34
619 16
620 80
621 2
622 0
623 68
624 62
625 62
626 48
627 6
628 58
629 18
630 44
631 44
632 22
633 42
634 0
635 104
636 18
637 20
638 2
639 4
640 16
641 118
642 8
643 2
644 108
645 32
646 56
647 60
648 154
649 96
650 0
651 102
652 12
653 8
654 32
655 56
656 20
657 120
658 6
659 0
660 92
661 106
662 100
663 86
664 2
665 112
666 22
667 86
668 66
669 28
670 92
671 0
672 166
673 12
674 20
675 6
676 4
677 16
