0 11
1 3
2 117
3 48
4 65
5 52
6 170
7 129
8 0
9 124
10 11
11 11
12 37
13 71
14 36
15 117
16 5
17 0
18 105
19 143
20 94
21 100
22 28
23 135
24 30
25 95
26 113
27 101
28 60
29 0
30 186
31 39
32 31
33 13
34 41
35 6
36 1
37 71
38 33
39 42
40 68
41 158
42 86
43 0
44 67
45 8
46 8
47 30
48 41
49 16
50 94
51 4
52 0
53 72
54 74
55 65
56 61
57 17
58 74
59 17
60 58
61 60
62 64
63 52
64 0
65 119
66 22
67 17
68 6
69 22
70 9
71 3
72 96
73 39
74 52
75 55
76 159
77 121
78 0
79 96
80 11
81 9
82 35
83 61
84 28
85 130
86 6
87 0
88 94
89 108
90 93
91 83
92 28
93 105
94 26
95 80
96 99
97 80
98 64
99 0
100 166
101 29
102 25
103 12
104 31
105 9
106 4
107 96
108 39
109 52
110 56
111 159
112 120
113 0
114 96
115 11
116 9
117 34
118 61
119 28
120 130
121 6
122 0
123 94
124 108
125 93
126 83
127 27
128 106
129 26
130 80
131 98
132 76
133 63
134 0
135 167
136 29
137 25
138 12
139 29
140 14
141 69
142 8
143 9
144 9
145 11
146 92
147 39
148 54
149 56
150 156
151 111
152 0
153 91
154 11
155 8
156 34
157 55
158 25
159 129
160 6
161 0
162 95
163 102
164 90
165 79
166 21
167 100
168 23
169 76
170 77
171 75
172 69
173 0
174 156
175 27
176 22
177 9
178 21
179 9
180 11
181 5
182 117
183 49
184 67
185 55
186 170
187 125
188 0
189 125
190 10
191 10
192 34
193 71
194 37
195 116
196 5
197 0
198 108
199 146
200 94
201 102
202 23
203 135
204 29
205 95
206 109
207 86
208 54
209 0
210 189
211 39
212 32
213 13
214 33
215 6
216 4
217 70
218 34
219 43
220 71
221 158
222 83
223 0
224 68
225 8
226 7
227 27
228 42
229 17
230 93
231 4
232 0
233 75
234 77
235 65
236 63
237 12
238 75
239 16
240 57
241 56
242 49
243 46
244 0
245 122
246 22
247 18
248 7
249 15
250 11
251 8
252 114
253 41
254 69
255 33
256 112
257 127
258 0
259 125
260 9
261 12
262 40
263 66
264 53
265 57
266 4
267 0
268 95
269 151
270 78
271 105
272 31
273 133
274 32
275 96
276 135
277 120
278 44
279 0
280 195
281 50
282 39
283 12
284 47
285 14
286 6
287 5
288 70
289 35
290 44
291 73
292 158
293 81
294 0
295 68
296 7
297 7
298 25
299 42
300 18
301 92
302 4
303 0
304 76
305 78
306 65
307 64
308 9
309 75
310 15
311 57
312 54
313 41
314 44
315 0
316 123
317 21
318 19
319 7
320 11
321 7
322 23
323 93
324 38
325 62
326 65
327 146
328 91
329 0
330 100
331 7
332 9
333 31
334 47
335 38
336 42
337 4
338 0
339 82
340 120
341 61
342 79
343 15
344 107
345 21
346 78
347 103
348 87
349 42
350 0
351 156
352 35
353 27
354 9
355 29
356 7
357 23
358 93
359 38
360 62
361 65
362 146
363 91
364 0
365 100
366 7
367 9
368 31
369 47
370 38
371 42
372 4
373 0
374 82
375 120
376 61
377 79
378 15
379 107
380 21
381 78
382 103
383 87
384 42
385 0
386 156
387 35
388 27
389 9
390 29
391 31
392 152
393 9
394 100
395 8
396 9
397 74
398 38
399 48
400 58
401 151
402 97
403 0
404 73
405 8
406 7
407 26
408 52
409 22
410 119
411 6
412 0
413 88
414 86
415 84
416 76
417 11
418 80
419 20
420 60
421 63
422 53
423 54
424 0
425 152
426 25
427 23
428 10
429 8
430 11
431 8
432 116
433 50
434 68
435 59
436 170
437 121
438 0
439 126
440 9
441 9
442 30
443 72
444 38
445 115
446 6
447 0
448 111
449 148
450 94
451 104
452 17
453 135
454 27
455 94
456 104
457 69
458 47
459 0
460 191
461 38
462 34
463 13
464 25
465 6
466 6
467 70
468 35
469 44
470 75
471 158
472 79
473 0
474 69
475 7
476 6
477 23
478 43
479 18
480 92
481 4
482 0
483 78
484 79
485 65
486 65
487 6
488 75
489 14
490 57
491 51
492 32
493 40
494 0
495 124
496 21
497 19
498 7
499 6
500 8
501 8
502 96
503 41
504 55
505 62
506 159
507 114
508 0
509 97
510 9
511 8
512 28
513 62
514 30
515 128
516 6
517 0
518 100
519 113
520 93
521 87
522 17
523 106
524 24
525 79
526 90
527 49
528 52
529 0
530 171
531 28
532 28
533 12
534 15
535 8
536 8
537 96
538 41
539 55
540 62
541 159
542 114
543 0
544 97
545 9
546 8
547 28
548 62
549 30
550 128
551 6
552 0
553 100
554 113
555 93
556 87
557 17
558 106
559 24
560 79
561 90
562 49
563 52
564 0
565 171
566 28
567 28
568 12
569 15
570 11
571 11
572 113
573 42
574 71
575 37
576 112
577 123
578 0
579 126
580 8
581 11
582 36
583 67
584 54
585 56
586 4
587 0
588 99
589 153
590 78
591 107
592 26
593 133
594 31
595 96
596 131
597 104
598 37
599 0
600 198
601 49
602 41
603 13
604 38
605 8
606 10
607 74
608 38
609 49
610 59
611 151
612 95
613 0
614 74
615 8
616 7
617 25
618 52
619 22
620 119
621 6
622 0
623 90
624 87
625 84
626 76
627 9
628 80
629 20
630 60
631 61
632 45
633 51
634 0
635 154
636 25
637 24
638 10
639 4
640 57
641 58
642 8
643 9
644 95
645 42
646 55
647 63
648 159
649 112
650 0
651 98
652 9
653 7
654 26
655 62
656 30
657 128
658 6
659 0
660 101
661 114
662 93
663 87
664 15
665 106
666 23
667 79
668 88
669 43
670 50
671 0
672 172
673 28
674 28
675 13
676 12
677 40
