0 5
1 1
2 59
3 24
4 33
5 26
6 85
7 64
8 0
9 62
10 5
11 6
12 19
13 35
14 18
15 59
16 3
17 0
18 52
19 72
20 47
21 50
22 14
23 67
24 15
25 47
26 57
27 50
28 30
29 0
30 93
31 20
32 15
33 6
34 20
35 3
36 1
37 35
38 17
39 21
40 34
41 79
42 43
43 0
44 33
45 4
46 4
47 15
48 21
49 8
50 47
51 2
52 0
53 36
54 37
55 32
56 30
57 8
58 37
59 9
60 29
61 30
62 32
63 26
64 0
65 60
66 11
67 8
68 3
69 11
70 4
71 2
72 48
73 20
74 26
75 28
76 80
77 60
78 0
79 48
80 5
81 5
82 17
83 30
84 14
85 65
86 3
87 0
88 47
89 54
90 47
91 41
92 14
93 53
94 13
95 40
96 49
97 40
98 32
99 0
100 83
101 15
102 13
103 6
104 15
105 4
106 2
107 48
108 20
109 26
110 28
111 80
112 60
113 0
114 48
115 5
116 5
117 17
118 30
119 14
120 65
121 3
122 0
123 47
124 54
125 47
126 42
127 13
128 53
129 13
130 40
131 49
132 38
133 31
134 0
135 83
136 14
137 13
138 6
139 15
140 7
141 35
142 4
143 5
144 4
145 5
146 46
147 19
148 27
149 28
150 78
151 56
152 0
153 46
154 5
155 4
156 17
157 28
158 12
159 65
160 3
161 0
162 47
163 51
164 45
165 39
166 11
167 50
168 12
169 38
170 38
171 37
172 34
173 0
174 78
175 13
176 11
177 5
178 11
179 5
180 5
181 2
182 58
183 25
184 33
185 28
186 85
187 63
188 0
189 62
190 5
191 5
192 17
193 36
194 18
195 58
196 3
197 0
198 54
199 73
200 47
201 51
202 11
203 68
204 14
205 47
206 54
207 43
208 27
209 0
210 94
211 19
212 16
213 6
214 17
215 3
216 2
217 35
218 17
219 21
220 36
221 79
222 41
223 0
224 34
225 4
226 4
227 14
228 21
229 9
230 46
231 2
232 0
233 37
234 38
235 32
236 31
237 6
238 37
239 8
240 29
241 28
242 24
243 23
244 0
245 61
246 11
247 9
248 3
249 7
250 5
251 4
252 57
253 21
254 35
255 17
256 56
257 64
258 0
259 63
260 4
261 6
262 20
263 33
264 26
265 29
266 2
267 0
268 48
269 75
270 39
271 53
272 16
273 66
274 16
275 48
276 68
277 60
278 22
279 0
280 98
281 25
282 20
283 6
284 23
285 7
286 3
287 2
288 35
289 17
290 22
291 36
292 79
293 40
294 0
295 34
296 4
297 3
298 13
299 21
300 9
301 46
302 2
303 0
304 38
305 39
306 32
307 32
308 5
309 37
310 8
311 29
312 27
313 21
314 22
315 0
316 61
317 11
318 9
319 3
320 5
321 3
322 11
323 47
324 19
325 31
326 32
327 73
328 46
329 0
330 50
331 3
332 5
333 16
334 24
335 19
336 21
337 2
338 0
339 41
340 60
341 30
342 40
343 8
344 53
345 11
346 39
347 51
348 43
349 21
350 0
351 78
352 17
353 13
354 4
355 15
356 3
357 11
358 47
359 19
360 31
361 32
362 73
363 46
364 0
365 50
366 3
367 5
368 16
369 24
370 19
371 21
372 2
373 0
374 41
375 60
376 30
377 40
378 8
379 53
380 11
381 39
382 51
383 43
384 21
385 0
386 78
387 17
388 13
389 4
390 15
391 16
392 76
393 4
394 50
395 4
396 5
397 37
398 19
399 24
400 29
401 75
402 49
403 0
404 37
405 4
406 4
407 13
408 26
409 11
410 60
411 3
412 0
413 44
414 43
415 42
416 38
417 6
418 40
419 10
420 30
421 31
422 26
423 27
424 0
425 76
426 12
427 12
428 5
429 4
430 5
431 4
432 58
433 25
434 34
435 29
436 85
437 61
438 0
439 63
440 4
441 5
442 15
443 36
444 19
445 58
446 3
447 0
448 55
449 74
450 47
451 52
452 9
453 68
454 14
455 47
456 52
457 35
458 24
459 0
460 96
461 19
462 17
463 7
464 12
465 3
466 3
467 35
468 18
469 22
470 37
471 79
472 39
473 0
474 34
475 3
476 3
477 12
478 21
479 9
480 46
481 2
482 0
483 39
484 40
485 32
486 32
487 3
488 37
489 7
490 29
491 26
492 16
493 20
494 0
495 62
496 10
497 10
498 4
499 3
500 4
501 4
502 48
503 21
504 27
505 31
506 79
507 57
508 0
509 49
510 5
511 4
512 14
513 31
514 15
515 64
516 3
517 0
518 50
519 56
520 47
521 43
522 9
523 53
524 12
525 40
526 45
527 25
528 26
529 0
530 86
531 14
532 14
533 6
534 8
535 4
536 4
537 48
538 21
539 27
540 31
541 79
542 57
543 0
544 49
545 5
546 4
547 14
548 31
549 15
550 64
551 3
552 0
553 50
554 56
555 47
556 43
557 9
558 53
559 12
560 40
561 45
562 25
563 26
564 0
565 86
566 14
567 14
568 6
569 8
570 5
571 5
572 57
573 21
574 35
575 18
576 56
577 62
578 0
579 63
580 4
581 5
582 18
583 33
584 27
585 28
586 2
587 0
588 49
589 77
590 39
591 54
592 13
593 67
594 15
595 48
596 65
597 52
598 19
599 0
600 99
601 24
602 20
603 6
604 19
605 4
606 5
607 37
608 19
609 24
610 30
611 75
612 48
613 0
614 37
615 4
616 3
617 12
618 26
619 11
620 59
621 3
622 0
623 45
624 44
625 42
626 38
627 4
628 40
629 10
630 30
631 30
632 23
633 25
634 0
635 77
636 12
637 12
638 5
639 2
640 28
641 29
642 4
643 5
644 48
645 21
646 28
647 31
648 79
649 56
650 0
651 49
652 4
653 4
654 13
655 31
656 15
657 64
658 3
659 0
660 50
661 57
662 47
663 44
664 7
665 53
666 12
667 39
668 44
669 22
670 25
671 0
672 86
673 14
674 14
675 6
676 6
677 20
