0 7
1 0
2 59
3 33
4 33
5 37
6 124
7 93
8 0
9 62
10 7
11 7
12 25
13 47
14 19
15 88
16 3
17 0
18 70
19 75
20 61
21 68
22 16
23 66
24 17
25 49
26 66
27 54
28 41
29 0
30 134
31 33
32 17
33 7
34 20
35 3
36 2
37 28
38 15
39 19
40 31
41 99
42 42
43 0
44 22
45 4
46 3
47 20
48 23
49 1
50 60
51 2
52 0
53 39
54 18
55 41
56 28
57 2
58 25
59 6
60 22
61 16
62 11
63 40
64 0
65 57
66 0
67 8
68 1
69 2
70 6
71 0
72 48
73 28
74 26
75 38
76 119
77 89
78 0
79 48
80 7
81 6
82 23
83 42
84 15
85 95
86 3
87 0
88 65
89 57
90 61
91 59
92 16
93 52
94 15
95 41
96 59
97 44
98 43
99 0
100 124
101 28
102 14
103 7
104 15
105 3
106 1
107 34
108 13
109 19
110 22
111 36
112 18
113 0
114 31
115 4
116 2
117 15
118 17
119 4
120 34
121 3
122 0
123 25
124 27
125 31
126 25
127 5
128 34
129 5
130 29
131 18
132 13
133 23
134 0
135 39
136 2
137 8
138 2
139 3
140 14
141 49
142 6
143 6
144 4
145 4
146 67
147 19
148 35
149 26
150 63
151 69
152 0
153 73
154 5
155 5
156 6
157 27
158 29
159 54
160 3
161 0
162 48
163 93
164 38
165 42
166 17
167 81
168 18
169 54
170 73
171 79
172 17
173 0
174 84
175 23
176 14
177 8
178 21
179 6
180 7
181 1
182 58
183 33
184 33
185 38
186 124
187 91
188 0
189 62
190 7
191 7
192 23
193 47
194 19
195 87
196 3
197 0
198 72
199 76
200 61
201 69
202 13
203 67
204 16
205 49
206 64
207 47
208 37
209 0
210 135
211 32
212 18
213 7
214 16
215 5
216 1
217 35
218 26
219 22
220 46
221 119
222 70
223 0
224 33
225 5
226 5
227 19
228 33
229 9
230 76
231 3
232 0
233 56
234 41
235 47
236 49
237 8
238 36
239 10
240 30
241 38
242 29
243 33
244 0
245 102
246 24
247 11
248 4
249 7
250 5
251 5
252 49
253 19
254 33
255 13
256 75
257 62
258 0
259 52
260 4
261 4
262 25
263 35
264 19
265 41
266 2
267 0
268 51
269 56
270 48
271 50
272 8
273 55
274 13
275 41
276 53
277 39
278 36
279 0
280 95
281 13
282 19
283 3
284 14
285 8
286 5
287 1
288 35
289 26
290 22
291 47
292 119
293 69
294 0
295 34
296 5
297 5
298 18
299 33
300 10
301 76
302 3
303 0
304 57
305 42
306 47
307 49
308 6
309 36
310 9
311 30
312 37
313 25
314 32
315 0
316 103
317 24
318 11
319 4
320 5
321 3
322 12
323 39
324 18
325 29
326 29
327 92
328 44
329 0
330 39
331 3
332 3
333 21
334 26
335 11
336 34
337 2
338 0
339 44
340 40
341 39
342 36
343 0
344 42
345 8
346 32
347 37
348 22
349 35
350 0
351 75
352 6
353 12
354 2
355 5
356 5
357 10
358 47
359 28
360 31
361 43
362 112
363 74
364 0
365 50
366 5
367 6
368 22
369 35
370 20
371 51
372 2
373 0
374 59
375 63
376 45
377 57
378 9
379 52
380 11
381 40
382 61
383 48
384 32
385 0
386 119
387 30
388 15
389 5
390 14
391 21
392 79
393 6
394 39
395 3
396 4
397 23
398 12
399 17
400 23
401 31
402 6
403 0
404 20
405 3
406 1
407 11
408 12
409 1
410 28
411 3
412 0
413 22
414 16
415 26
416 21
417 0
418 21
419 3
420 20
421 0
422 0
423 17
424 0
425 31
426 0
427 7
428 1
429 0
430 4
431 3
432 44
433 18
434 27
435 24
436 40
437 18
438 0
439 46
440 3
441 2
442 13
443 22
444 9
445 26
446 2
447 0
448 33
449 47
450 31
451 35
452 0
453 49
454 6
455 37
456 21
457 8
458 14
459 0
460 51
461 6
462 12
463 3
464 1
465 2
466 3
467 21
468 11
469 16
470 32
471 36
472 0
473 0
474 17
475 2
476 0
477 9
478 7
479 0
480 15
481 2
482 0
483 17
484 12
485 17
486 16
487 0
488 18
489 0
490 18
491 0
492 0
493 10
494 0
495 18
496 0
497 5
498 0
499 0
500 3
501 3
502 34
503 14
504 21
505 25
506 36
507 15
508 0
509 32
510 3
511 1
512 12
513 17
514 5
515 33
516 3
517 0
518 28
519 29
520 31
521 27
522 0
523 34
524 4
525 29
526 14
527 0
528 17
529 0
530 41
531 1
532 9
533 2
534 0
535 4
536 5
537 40
538 19
539 26
540 28
541 98
542 55
543 0
544 38
545 4
546 2
547 18
548 33
549 7
550 76
551 3
552 0
553 53
554 37
555 55
556 40
557 2
558 41
559 10
560 32
561 31
562 4
563 40
564 0
565 83
566 3
567 13
568 4
569 0
570 5
571 6
572 49
573 20
574 33
575 15
576 75
577 60
578 0
579 52
580 4
581 4
582 23
583 35
584 19
585 41
586 2
587 0
588 52
589 57
590 47
591 50
592 5
593 55
594 13
595 41
596 51
597 31
598 32
599 0
600 96
601 13
602 20
603 4
604 10
605 6
606 4
607 37
608 28
609 24
610 40
611 114
612 76
613 0
614 36
615 6
616 5
617 18
618 38
619 12
620 89
621 3
622 0
623 63
624 47
625 56
626 56
627 7
628 39
629 12
630 31
631 39
632 27
633 35
634 0
635 117
636 26
637 14
638 6
639 3
640 22
641 11
642 6
643 3
644 48
645 29
646 28
647 42
648 118
649 84
650 0
651 49
652 6
653 5
654 19
655 43
656 16
657 93
658 3
659 0
660 69
661 60
662 61
663 61
664 9
665 52
666 14
667 41
668 53
669 26
670 35
671 0
672 127
673 27
674 16
675 7
676 6
677 61
