0 8
1 0
2 59
3 37
4 39
5 38
6 126
7 94
8 0
9 60
10 7
11 7
12 24
13 47
14 22
15 86
16 3
17 0
18 77
19 72
20 62
21 69
22 16
23 64
24 18
25 50
26 70
27 55
28 38
29 0
30 140
31 35
32 19
33 7
34 20
35 3
36 1
37 34
38 17
39 22
40 31
41 96
42 47
43 0
44 32
45 5
46 4
47 19
48 25
49 6
50 61
51 2
52 0
53 45
54 29
55 45
56 31
57 5
58 35
59 10
60 28
61 28
62 25
63 38
64 0
65 65
66 4
67 10
68 2
69 8
70 7
71 0
72 49
73 31
74 29
75 41
76 125
77 100
78 0
79 49
80 7
81 6
82 21
83 46
84 19
85 107
86 4
87 0
88 73
89 59
90 67
91 61
92 16
93 53
94 17
95 42
96 72
97 47
98 44
99 0
100 134
101 28
102 15
103 8
104 17
105 3
106 2
107 40
108 12
109 27
110 20
111 37
112 16
113 0
114 39
115 5
116 2
117 20
118 16
119 6
120 25
121 3
122 0
123 27
124 35
125 30
126 28
127 4
128 41
129 5
130 36
131 20
132 21
133 26
134 0
135 45
136 3
137 9
138 2
139 4
140 10
141 55
142 6
143 6
144 4
145 3
146 58
147 18
148 22
149 26
150 48
151 53
152 0
153 57
154 4
155 4
156 7
157 21
158 17
159 37
160 1
161 0
162 33
163 75
164 25
165 32
166 19
167 66
168 11
169 45
170 44
171 65
172 13
173 0
174 61
175 18
176 9
177 6
178 14
179 6
180 8
181 1
182 58
183 38
184 39
185 39
186 126
187 92
188 0
189 60
190 7
191 7
192 22
193 47
194 22
195 85
196 3
197 0
198 78
199 73
200 62
201 70
202 14
203 64
204 17
205 50
206 67
207 47
208 35
209 0
210 141
211 35
212 19
213 7
214 16
215 4
216 2
217 37
218 24
219 23
220 42
221 114
222 74
223 0
224 36
225 5
226 5
227 17
228 32
229 11
230 85
231 3
232 0
233 54
234 43
235 48
236 46
237 7
238 39
239 10
240 30
241 43
242 30
243 34
244 0
245 106
246 21
247 10
248 5
249 9
250 4
251 5
252 38
253 17
254 23
255 16
256 70
257 45
258 0
259 36
260 3
261 3
262 26
263 28
264 6
265 21
266 2
267 0
268 36
269 38
270 31
271 40
272 5
273 40
274 4
275 31
276 30
277 24
278 30
279 0
280 74
281 7
282 14
283 2
284 4
285 8
286 4
287 3
288 37
289 24
290 23
291 43
292 114
293 73
294 0
295 36
296 5
297 5
298 16
299 32
300 12
301 85
302 3
303 0
304 55
305 44
306 48
307 46
308 6
309 39
310 10
311 30
312 42
313 26
314 33
315 0
316 106
317 21
318 10
319 5
320 7
321 3
322 14
323 41
324 18
325 22
326 27
327 75
328 38
329 0
330 40
331 3
332 2
333 25
334 25
335 7
336 20
337 2
338 0
339 38
340 41
341 33
342 38
343 4
344 42
345 3
346 34
347 27
348 17
349 35
350 0
351 74
352 7
353 13
354 2
355 3
356 3
357 3
358 38
359 23
360 24
361 54
362 125
363 49
364 0
365 39
366 4
367 5
368 23
369 26
370 11
371 20
372 1
373 0
374 48
375 52
376 29
377 48
378 8
379 42
380 6
381 33
382 33
383 33
384 30
385 0
386 90
387 27
388 12
389 3
390 9
391 35
392 81
393 6
394 41
395 3
396 5
397 35
398 12
399 29
400 28
401 38
402 11
403 0
404 35
405 4
406 1
407 13
408 15
409 7
410 20
411 3
412 0
413 29
414 33
415 27
416 26
417 0
418 36
419 4
420 32
421 14
422 7
423 14
424 0
425 39
426 3
427 10
428 1
429 0
430 3
431 3
432 37
433 14
434 26
435 24
436 35
437 12
438 0
439 36
440 3
441 2
442 14
443 17
444 7
445 23
446 2
447 0
448 30
449 34
450 29
451 30
452 0
453 38
454 3
455 32
456 17
457 8
458 15
459 0
460 43
461 3
462 11
463 2
464 0
465 3
466 2
467 26
468 13
469 24
470 36
471 37
472 9
473 0
474 26
475 2
476 1
477 11
478 13
479 7
480 16
481 2
482 0
483 26
484 25
485 21
486 24
487 0
488 27
489 3
490 22
491 10
492 5
493 9
494 0
495 31
496 3
497 9
498 1
499 0
500 3
501 4
502 40
503 13
504 28
505 23
506 37
507 13
508 0
509 39
510 4
511 1
512 16
513 17
514 7
515 24
516 3
517 0
518 30
519 37
520 30
521 29
522 0
523 41
524 4
525 36
526 15
527 7
528 20
529 0
530 47
531 3
532 10
533 2
534 0
535 4
536 5
537 40
538 18
539 30
540 28
541 103
542 54
543 0
544 39
545 4
546 2
547 16
548 32
549 9
550 83
551 3
552 0
553 53
554 38
555 59
556 42
557 0
558 42
559 12
560 32
561 31
562 8
563 39
564 0
565 79
566 3
567 13
568 3
569 0
570 4
571 6
572 38
573 18
574 23
575 18
576 70
577 43
578 0
579 36
580 3
581 2
582 24
583 29
584 7
585 20
586 2
587 0
588 38
589 39
590 31
591 41
592 2
593 40
594 3
595 30
596 28
597 15
598 26
599 0
600 75
601 7
602 15
603 2
604 0
605 6
606 4
607 42
608 28
609 25
610 36
611 115
612 87
613 0
614 43
615 6
616 5
617 15
618 41
619 15
620 108
621 4
622 0
623 68
624 52
625 63
626 57
627 6
628 46
629 14
630 35
631 48
632 36
633 38
634 0
635 125
636 26
637 14
638 6
639 3
640 31
641 7
642 6
643 3
644 48
645 32
646 30
647 45
648 124
649 95
650 0
651 50
652 6
653 5
654 17
655 46
656 19
657 106
658 4
659 0
660 76
661 61
662 67
663 63
664 9
665 53
666 16
667 41
668 67
669 28
670 36
671 0
672 137
673 27
674 16
675 8
676 8
677 47
