0 7
1 7
2 58
3 35
4 41
5 35
6 118
7 88
8 0
9 61
10 7
11 7
12 21
13 45
14 18
15 83
16 2
17 0
18 75
19 71
20 64
21 66
22 5
23 63
24 14
25 49
26 64
27 41
28 96
29 0
30 139
31 29
32 16
33 5
34 12
35 2
36 1
37 31
38 15
39 43
40 31
41 104
42 43
43 0
44 28
45 3
46 3
47 12
48 21
49 7
50 62
51 1
52 0
53 50
54 30
55 40
56 30
57 2
58 32
59 8
60 23
61 22
62 29
63 24
64 0
65 62
66 4
67 11
68 2
69 0
70 7
71 0
72 46
73 31
74 26
75 49
76 121
77 93
78 0
79 46
80 6
81 6
82 15
83 47
84 20
85 101
86 2
87 0
88 73
89 53
90 67
91 59
92 8
93 49
94 17
95 42
96 64
97 29
98 38
99 0
100 145
101 30
102 17
103 6
104 12
105 4
106 2
107 35
108 12
109 35
110 23
111 42
112 24
113 0
114 32
115 6
116 5
117 15
118 14
119 9
120 30
121 3
122 0
123 35
124 27
125 32
126 23
127 0
128 34
129 3
130 32
131 15
132 34
133 37
134 0
135 59
136 2
137 10
138 0
139 2
140 8
141 89
142 5
143 6
144 3
145 0
146 60
147 18
148 20
149 30
150 46
151 79
152 0
153 59
154 4
155 5
156 8
157 26
158 18
159 51
160 2
161 0
162 38
163 75
164 37
165 36
166 18
167 67
168 14
169 47
170 50
171 66
172 25
173 0
174 68
175 22
176 6
177 9
178 21
179 5
180 7
181 1
182 50
183 34
184 37
185 39
186 128
187 94
188 0
189 52
190 5
191 6
192 24
193 47
194 20
195 88
196 2
197 0
198 79
199 62
200 65
201 65
202 9
203 53
204 16
205 45
206 84
207 54
208 31
209 0
210 143
211 32
212 16
213 10
214 17
215 4
216 2
217 48
218 22
219 23
220 40
221 121
222 79
223 0
224 46
225 4
226 5
227 25
228 38
229 11
230 97
231 2
232 0
233 52
234 58
235 55
236 53
237 6
238 51
239 12
240 39
241 44
242 27
243 69
244 0
245 102
246 22
247 9
248 6
249 12
250 2
251 6
252 44
253 13
254 15
255 12
256 61
257 47
258 0
259 41
260 4
261 4
262 30
263 28
264 8
265 21
266 1
267 0
268 35
269 50
270 28
271 45
272 11
273 46
274 7
275 35
276 35
277 0
278 20
279 0
280 64
281 21
282 11
283 4
284 7
285 10
286 4
287 3
288 5
289 13
290 3
291 10
292 39
293 41
294 0
295 6
296 5
297 5
298 4
299 9
300 8
301 42
302 2
303 0
304 20
305 7
306 25
307 19
308 7
309 4
310 4
311 5
312 22
313 12
314 10
315 0
316 54
317 19
318 3
319 4
320 7
321 3
322 15
323 47
324 14
325 4
326 15
327 50
328 44
329 0
330 49
331 2
332 2
333 26
334 21
335 7
336 18
337 2
338 0
339 30
340 51
341 27
342 35
343 8
344 51
345 3
346 40
347 30
348 6
349 27
350 0
351 62
352 14
353 12
354 4
355 10
356 2
357 4
358 44
359 19
360 6
361 43
362 101
363 55
364 0
365 48
366 3
367 5
368 24
369 22
370 11
371 18
372 1
373 0
374 40
375 63
376 23
377 45
378 11
379 51
380 6
381 39
382 36
383 21
384 22
385 0
386 78
387 34
388 12
389 5
390 16
391 34
392 95
393 6
394 33
395 2
396 2
397 48
398 15
399 30
400 35
401 39
402 19
403 0
404 45
405 5
406 4
407 13
408 17
409 9
410 34
411 6
412 0
413 39
414 41
415 36
416 28
417 5
418 48
419 6
420 43
421 18
422 0
423 28
424 0
425 56
426 5
427 15
428 1
429 0
430 3
431 1
432 42
433 18
434 25
435 36
436 47
437 21
438 0
439 41
440 3
441 1
442 17
443 24
444 10
445 24
446 3
447 0
448 37
449 38
450 38
451 38
452 2
453 42
454 6
455 37
456 21
457 6
458 14
459 0
460 58
461 2
462 12
463 5
464 0
465 3
466 0
467 32
468 11
469 17
470 41
471 60
472 13
473 0
474 34
475 4
476 2
477 14
478 14
479 9
480 1
481 3
482 0
483 31
484 34
485 19
486 25
487 2
488 36
489 2
490 27
491 15
492 2
493 39
494 0
495 24
496 7
497 8
498 0
499 0
500 4
501 2
502 38
503 10
504 23
505 27
506 29
507 9
508 0
509 36
510 2
511 1
512 12
513 18
514 10
515 22
516 2
517 0
518 33
519 36
520 27
521 31
522 0
523 38
524 2
525 32
526 13
527 1
528 8
529 0
530 33
531 3
532 9
533 0
534 0
535 4
536 3
537 38
538 16
539 25
540 32
541 95
542 50
543 0
544 36
545 2
546 1
547 11
548 34
549 12
550 81
551 3
552 0
553 57
554 37
555 56
556 43
557 0
558 39
559 11
560 29
561 29
562 2
563 27
564 0
565 65
566 4
567 12
568 1
569 0
570 6
571 6
572 44
573 18
574 32
575 18
576 74
577 46
578 0
579 47
580 2
581 3
582 27
583 34
584 14
585 22
586 1
587 0
588 48
589 56
590 37
591 60
592 0
593 52
594 4
595 36
596 32
597 14
598 25
599 0
600 96
601 14
602 22
603 6
604 0
605 5
606 0
607 37
608 24
609 24
610 32
611 101
612 87
613 0
614 38
615 7
616 5
617 13
618 35
619 14
620 100
621 3
622 0
623 65
624 46
625 59
626 48
627 11
628 40
629 15
630 31
631 46
632 29
633 39
634 0
635 113
636 25
637 14
638 4
639 6
640 53
641 65
642 7
643 0
644 64
645 33
646 34
647 50
648 134
649 99
650 0
651 61
652 10
653 9
654 21
655 48
656 18
657 113
658 4
659 0
660 80
661 69
662 77
663 69
664 8
665 66
666 18
667 52
668 59
669 27
670 77
671 0
672 149
673 23
674 14
675 8
676 7
677 37
