0 8
1 1
2 62
3 42
4 40
5 43
6 131
7 104
8 0
9 65
10 6
11 8
12 23
13 50
14 26
15 90
16 3
17 0
18 85
19 83
20 64
21 77
22 13
23 69
24 19
25 54
26 73
27 55
28 30
29 0
30 153
31 47
32 22
33 9
34 19
35 3
36 2
37 36
38 20
39 23
40 35
41 98
42 51
43 0
44 35
45 4
46 3
47 17
48 27
49 9
50 63
51 2
52 0
53 50
54 35
55 46
56 35
57 2
58 38
59 10
60 29
61 29
62 20
63 31
64 0
65 72
66 8
67 12
68 3
69 4
70 7
71 1
72 50
73 34
74 30
75 45
76 126
77 104
78 0
79 52
80 7
81 6
82 20
83 47
84 21
85 109
86 4
87 0
88 77
89 64
90 68
91 65
92 13
93 56
94 18
95 43
96 73
97 43
98 38
99 0
100 141
101 33
102 16
103 9
104 15
105 3
106 0
107 33
108 13
109 15
110 20
111 27
112 19
113 0
114 32
115 3
116 4
117 14
118 13
119 8
120 18
121 2
122 0
123 24
124 35
125 21
126 28
127 2
128 35
129 4
130 30
131 18
132 20
133 12
134 0
135 42
136 14
137 10
138 2
139 3
140 11
141 50
142 5
143 6
144 2
145 1
146 44
147 2
148 4
149 3
150 16
151 16
152 0
153 38
154 2
155 1
156 2
157 9
158 4
159 13
160 1
161 0
162 9
163 48
164 10
165 13
166 22
167 48
168 4
169 30
170 15
171 13
172 6
173 0
174 20
175 4
176 5
177 2
178 2
179 6
180 8
181 1
182 60
183 40
184 40
185 41
186 128
187 98
188 0
189 63
190 6
191 7
192 22
193 49
194 24
195 88
196 3
197 0
198 82
199 78
200 63
201 74
202 13
203 67
204 18
205 52
206 70
207 50
208 31
209 0
210 148
211 41
212 21
213 8
214 17
215 4
216 2
217 39
218 26
219 23
220 44
221 116
222 79
223 0
224 38
225 5
226 6
227 17
228 33
229 13
230 88
231 3
232 0
233 58
234 48
235 49
236 49
237 7
238 42
239 11
240 32
241 46
242 33
243 31
244 0
245 112
246 26
247 11
248 5
249 10
250 4
251 4
252 43
253 22
254 23
255 20
256 75
257 57
258 0
259 41
260 3
261 4
262 27
263 31
264 10
265 26
266 2
267 0
268 43
269 47
270 33
271 46
272 5
273 46
274 5
275 34
276 37
277 33
278 26
279 0
280 86
281 19
282 16
283 3
284 8
285 6
286 4
287 2
288 39
289 26
290 23
291 44
292 116
293 79
294 0
295 38
296 5
297 6
298 17
299 33
300 13
301 88
302 3
303 0
304 58
305 48
306 49
307 49
308 7
309 42
310 11
311 32
312 46
313 33
314 31
315 0
316 112
317 26
318 11
319 5
320 10
321 3
322 15
323 39
324 16
325 22
326 25
327 72
328 32
329 0
330 37
331 3
332 2
333 25
334 23
335 5
336 17
337 2
338 0
339 34
340 36
341 32
342 34
343 5
344 39
345 2
346 32
347 24
348 13
349 37
350 0
351 68
352 1
353 11
354 1
355 1
356 3
357 4
358 34
359 19
360 23
361 51
362 121
363 37
364 0
365 34
366 5
367 4
368 22
369 23
370 7
371 15
372 1
373 0
374 41
375 43
376 27
377 41
378 8
379 37
380 4
381 29
382 27
383 24
384 34
385 0
386 79
387 16
388 10
389 1
390 6
391 0
392 77
393 6
394 41
395 2
396 1
397 23
398 8
399 15
400 20
401 23
402 5
403 0
404 22
405 3
406 2
407 10
408 9
409 5
410 11
411 2
412 0
413 17
414 21
415 16
416 17
417 1
418 23
419 2
420 21
421 9
422 8
423 10
424 0
425 24
426 2
427 8
428 1
429 0
430 3
431 1
432 25
433 8
434 13
435 17
436 20
437 1
438 0
439 24
440 3
441 1
442 11
443 10
444 3
445 10
446 2
447 0
448 15
449 20
450 18
451 19
452 1
453 25
454 1
455 22
456 10
457 4
458 16
459 0
460 23
461 0
462 8
463 0
464 0
465 3
466 1
467 20
468 12
469 13
470 26
471 27
472 11
473 0
474 20
475 2
476 2
477 10
478 10
479 6
480 11
481 2
482 0
483 18
484 21
485 14
486 20
487 2
488 22
489 3
490 18
491 11
492 12
493 6
494 0
495 26
496 9
497 8
498 1
499 4
500 3
501 0
502 33
503 13
504 15
505 20
506 27
507 19
508 0
509 32
510 3
511 4
512 14
513 13
514 8
515 18
516 2
517 0
518 24
519 35
520 21
521 28
522 2
523 35
524 4
525 30
526 18
527 20
528 12
529 0
530 42
531 14
532 10
533 2
534 3
535 4
536 4
537 40
538 18
539 29
540 27
541 103
542 55
543 0
544 39
545 4
546 3
547 17
548 32
549 9
550 83
551 3
552 0
553 52
554 38
555 59
556 41
557 2
558 42
559 13
560 33
561 33
562 15
563 42
564 0
565 78
566 3
567 13
568 3
569 2
570 4
571 5
572 40
573 20
574 23
575 18
576 73
577 51
578 0
579 38
580 3
581 4
582 26
583 30
584 8
585 23
586 2
587 0
588 40
589 43
590 32
591 43
592 4
593 43
594 5
595 32
596 33
597 28
598 27
599 0
600 80
601 13
602 15
603 3
604 5
605 6
606 3
607 38
608 23
609 24
610 31
611 111
612 77
613 0
614 38
615 7
616 4
617 16
618 38
619 11
620 104
621 4
622 0
623 61
624 42
625 60
626 49
627 9
628 40
629 13
630 31
631 45
632 34
633 45
634 0
635 113
636 15
637 12
638 5
639 4
640 16
641 13
642 7
643 0
644 54
645 38
646 30
647 48
648 131
649 116
650 0
651 56
652 6
653 8
654 21
655 50
656 24
657 114
658 4
659 0
660 83
661 73
662 71
663 71
664 14
665 61
666 19
667 47
668 79
669 54
670 34
671 0
672 152
673 44
674 18
675 10
676 19
677 16
