0 8
1 1
2 63
3 38
4 39
5 40
6 125
7 92
8 0
9 65
10 6
11 7
12 23
13 48
14 21
15 86
16 3
17 0
18 78
19 79
20 63
21 72
22 12
23 69
24 16
25 53
26 67
27 42
28 32
29 0
30 142
31 37
32 20
33 7
34 14
35 3
36 2
37 36
38 17
39 23
40 33
41 95
42 45
43 0
44 35
45 4
46 3
47 17
48 25
49 6
50 61
51 2
52 0
53 47
54 33
55 45
56 33
57 2
58 38
59 9
60 29
61 25
62 13
63 33
64 0
65 66
66 4
67 11
68 2
69 2
70 6
71 1
72 51
73 31
74 29
75 43
76 124
77 98
78 0
79 52
80 7
81 6
82 19
83 46
84 18
85 107
86 4
87 0
88 74
89 62
90 68
91 62
92 13
93 56
94 16
95 43
96 70
97 37
98 39
99 0
100 136
101 28
102 15
103 8
104 12
105 3
106 3
107 43
108 13
109 27
110 22
111 37
112 15
113 0
114 41
115 4
116 2
117 18
118 17
119 6
120 24
121 3
122 0
123 28
124 39
125 31
126 29
127 1
128 44
129 4
130 38
131 18
132 13
133 22
134 0
135 46
136 4
137 10
138 2
139 2
140 8
141 52
142 5
143 6
144 3
145 2
146 62
147 19
148 22
149 28
150 47
151 52
152 0
153 62
154 3
155 4
156 7
157 22
158 16
159 37
160 2
161 0
162 34
163 81
164 26
165 35
166 17
167 71
168 9
169 48
170 42
171 58
172 10
173 0
174 62
175 20
176 10
177 6
178 11
179 6
180 8
181 1
182 61
183 38
184 39
185 40
186 125
187 92
188 0
189 63
190 6
191 7
192 22
193 48
194 22
195 85
196 3
197 0
198 78
199 76
200 63
201 71
202 12
203 67
204 16
205 51
206 67
207 43
208 33
209 0
210 142
211 36
212 20
213 7
214 14
215 4
216 2
217 39
218 24
219 23
220 43
221 113
222 73
223 0
224 38
225 5
226 5
227 17
228 32
229 11
230 86
231 3
232 0
233 55
234 46
235 48
236 47
237 7
238 42
239 9
240 32
241 42
242 27
243 33
244 0
245 106
246 22
247 10
248 5
249 7
250 4
251 5
252 43
253 17
254 22
255 17
256 69
257 46
258 0
259 40
260 3
261 3
262 27
263 29
264 5
265 22
266 2
267 0
268 37
269 43
270 31
271 41
272 4
273 45
274 3
275 34
276 30
277 21
278 28
279 0
280 74
281 9
282 14
283 2
284 3
285 9
286 4
287 2
288 39
289 24
290 23
291 43
292 113
293 73
294 0
295 38
296 5
297 5
298 17
299 32
300 11
301 86
302 3
303 0
304 55
305 46
306 48
307 47
308 7
309 42
310 9
311 32
312 42
313 27
314 33
315 0
316 106
317 22
318 10
319 5
320 7
321 4
322 15
323 38
324 18
325 22
326 27
327 75
328 38
329 0
330 37
331 3
332 2
333 25
334 24
335 8
336 20
337 2
338 0
339 37
340 38
341 33
342 37
343 5
344 39
345 4
346 32
347 28
348 20
349 36
350 0
351 73
352 6
353 12
354 2
355 5
356 3
357 4
358 34
359 23
360 24
361 54
362 127
363 49
364 0
365 34
366 5
367 5
368 22
369 25
370 11
371 20
372 1
373 0
374 47
375 47
376 28
377 46
378 9
379 37
380 7
381 29
382 33
383 36
384 32
385 0
386 89
387 26
388 12
389 3
390 11
391 46
392 79
393 6
394 41
395 3
396 4
397 33
398 12
399 29
400 26
401 39
402 12
403 0
404 33
405 4
406 1
407 14
408 14
409 7
410 20
411 2
412 0
413 28
414 30
415 27
416 25
417 1
418 33
419 5
420 30
421 15
422 13
423 17
424 0
425 38
426 2
427 10
428 2
429 2
430 4
431 3
432 33
433 14
434 26
435 22
436 36
437 13
438 0
439 31
440 4
441 2
442 14
443 16
444 8
445 22
446 2
447 0
448 29
449 29
450 28
451 28
452 1
453 33
454 5
455 29
456 19
457 16
458 18
459 0
460 42
461 1
462 10
463 2
464 3
465 3
466 2
467 26
468 12
469 24
470 34
471 38
472 10
473 0
474 25
475 3
476 1
477 12
478 13
479 6
480 16
481 2
482 0
483 25
484 24
485 21
486 24
487 1
488 27
489 4
490 23
491 12
492 11
493 12
494 0
495 31
496 3
497 9
498 1
499 1
500 3
501 3
502 43
503 13
504 27
505 22
506 37
507 15
508 0
509 41
510 4
511 2
512 18
513 17
514 6
515 24
516 3
517 0
518 28
519 39
520 31
521 29
522 1
523 44
524 4
525 38
526 18
527 13
528 22
529 0
530 46
531 4
532 10
533 2
534 2
535 4
536 4
537 40
538 18
539 29
540 27
541 103
542 55
543 0
544 39
545 4
546 3
547 17
548 32
549 9
550 83
551 3
552 0
553 52
554 37
555 59
556 41
557 3
558 42
559 13
560 33
561 33
562 15
563 42
564 0
565 78
566 3
567 13
568 3
569 3
570 4
571 5
572 41
573 17
574 23
575 17
576 70
577 45
578 0
579 38
580 3
581 3
582 26
583 29
584 6
585 21
586 2
587 0
588 37
589 41
590 31
591 41
592 4
593 43
594 3
595 32
596 30
597 21
598 29
599 0
600 74
601 8
602 14
603 2
604 3
605 6
606 3
607 38
608 27
609 25
610 34
611 116
612 89
613 0
614 38
615 7
616 5
617 16
618 40
619 16
620 108
621 4
622 0
623 67
624 46
625 62
626 54
627 10
628 41
629 16
630 31
631 51
632 47
633 43
634 0
635 124
636 24
637 14
638 6
639 9
640 31
641 12
642 6
643 1
644 55
645 31
646 29
647 44
648 122
649 99
650 0
651 56
652 6
653 6
654 21
655 46
656 18
657 108
658 4
659 0
660 74
661 67
662 68
663 64
664 13
665 61
666 15
667 47
668 70
669 35
670 38
671 0
672 136
673 30
674 16
675 8
676 11
677 56
