0 7
1 6
2 60
3 41
4 38
5 42
6 130
7 101
8 0
9 64
10 8
11 9
12 22
13 49
14 24
15 86
16 3
17 0
18 85
19 79
20 65
21 74
22 4
23 67
24 16
25 52
26 72
27 52
28 102
29 0
30 154
31 43
32 20
33 8
34 19
35 2
36 1
37 34
38 18
39 40
40 29
41 106
42 46
43 0
44 31
45 3
46 3
47 12
48 22
49 10
50 64
51 1
52 0
53 53
54 34
55 38
56 30
57 1
58 37
59 10
60 26
61 24
62 33
63 20
64 0
65 66
66 7
67 12
68 2
69 1
70 7
71 0
72 50
73 32
74 29
75 45
76 124
77 96
78 0
79 51
80 7
81 7
82 16
83 47
84 21
85 106
86 2
87 0
88 76
89 62
90 67
91 63
92 8
93 55
94 18
95 44
96 67
97 42
98 32
99 0
100 145
101 33
102 16
103 8
104 11
105 4
106 0
107 32
108 13
109 20
110 21
111 32
112 28
113 0
114 32
115 5
116 3
117 12
118 14
119 10
120 22
121 2
122 0
123 31
124 32
125 21
126 26
127 0
128 33
129 3
130 30
131 18
132 33
133 29
134 0
135 50
136 14
137 11
138 0
139 3
140 12
141 92
142 5
143 6
144 2
145 0
146 49
147 1
148 3
149 7
150 9
151 30
152 0
153 43
154 3
155 2
156 3
157 14
158 4
159 26
160 2
161 0
162 9
163 50
164 21
165 18
166 24
167 52
168 4
169 35
170 22
171 21
172 21
173 0
174 22
175 7
176 1
177 4
178 10
179 5
180 7
181 0
182 56
183 36
184 42
185 41
186 131
187 100
188 0
189 60
190 6
191 7
192 23
193 49
194 22
195 91
196 2
197 0
198 83
199 73
200 69
201 71
202 7
203 61
204 16
205 50
206 71
207 49
208 30
209 0
210 150
211 38
212 19
213 8
214 16
215 4
216 1
217 44
218 25
219 25
220 40
221 127
222 87
223 0
224 43
225 4
226 7
227 25
228 39
229 12
230 101
231 2
232 0
233 55
234 55
235 55
236 54
237 7
238 47
239 12
240 34
241 46
242 32
243 72
244 0
245 111
246 25
247 10
248 7
249 10
250 2
251 5
252 48
253 18
254 21
255 15
256 65
257 64
258 0
259 46
260 1
261 5
262 34
263 32
264 13
265 28
266 2
267 0
268 42
269 58
270 34
271 53
272 11
273 51
274 9
275 39
276 43
277 18
278 15
279 0
280 85
281 36
282 13
283 5
284 8
285 6
286 4
287 2
288 10
289 13
290 6
291 18
292 42
293 48
294 0
295 11
296 4
297 6
298 5
299 11
300 8
301 33
302 2
303 0
304 23
305 18
306 19
307 23
308 7
309 11
310 4
311 10
312 29
313 25
314 8
315 0
316 56
317 25
318 5
319 4
320 9
321 3
322 15
323 33
324 10
325 12
326 14
327 44
328 27
329 0
330 33
331 2
332 0
333 19
334 17
335 3
336 11
337 1
338 0
339 22
340 31
341 24
342 27
343 5
344 34
345 0
346 27
347 17
348 0
349 27
350 0
351 52
352 2
353 10
354 0
355 2
356 2
357 4
358 29
359 13
360 13
361 40
362 93
363 33
364 0
365 30
366 4
367 2
368 17
369 17
370 4
371 9
372 1
373 0
374 29
375 38
376 20
377 34
378 8
379 32
380 1
381 24
382 19
383 9
384 24
385 0
386 64
387 18
388 9
389 0
390 7
391 0
392 85
393 7
394 33
395 0
396 0
397 29
398 12
399 17
400 28
401 26
402 16
403 0
404 23
405 4
406 5
407 7
408 11
409 7
410 25
411 6
412 0
413 28
414 24
415 23
416 20
417 5
418 29
419 4
420 22
421 13
422 0
423 24
424 0
425 43
426 5
427 12
428 1
429 0
430 2
431 1
432 24
433 10
434 15
435 31
436 26
437 7
438 0
439 24
440 2
441 0
442 13
443 15
444 7
445 12
446 2
447 0
448 23
449 16
450 29
451 18
452 0
453 23
454 1
455 23
456 13
457 0
458 11
459 0
460 33
461 0
462 9
463 3
464 0
465 3
466 0
467 22
468 10
469 10
470 31
471 54
472 13
473 0
474 23
475 3
476 2
477 13
478 12
479 7
480 0
481 3
482 0
483 25
484 24
485 9
486 22
487 2
488 24
489 1
490 19
491 10
492 9
493 40
494 0
495 19
496 13
497 7
498 0
499 3
500 4
501 0
502 28
503 11
504 14
505 25
506 23
507 21
508 0
509 28
510 0
511 3
512 9
513 13
514 11
515 17
516 2
517 0
518 30
519 32
520 15
521 28
522 0
523 29
524 1
525 25
526 17
527 11
528 0
529 0
530 33
531 15
532 9
533 0
534 0
535 5
536 3
537 35
538 16
539 28
540 33
541 100
542 57
543 0
544 34
545 2
546 1
547 11
548 31
549 12
550 82
551 3
552 0
553 58
554 35
555 53
556 42
557 0
558 36
559 11
560 28
561 32
562 6
563 28
564 0
565 69
566 5
567 12
568 1
569 0
570 6
571 5
572 45
573 20
574 27
575 20
576 74
577 53
578 0
579 46
580 2
581 3
582 29
583 34
584 10
585 27
586 1
587 0
588 41
589 54
590 35
591 60
592 0
593 51
594 6
595 36
596 29
597 19
598 22
599 0
600 98
601 19
602 20
603 4
604 2
605 5
606 0
607 33
608 21
609 21
610 32
611 96
612 70
613 0
614 31
615 5
616 3
617 10
618 32
619 9
620 91
621 3
622 0
623 56
624 35
625 53
626 42
627 9
628 34
629 12
630 24
631 39
632 26
633 44
634 0
635 93
636 14
637 11
638 2
639 1
640 29
641 49
642 7
643 0
644 68
645 39
646 35
647 56
648 141
649 125
650 0
651 68
652 8
653 12
654 23
655 54
656 26
657 126
658 5
659 0
660 93
661 83
662 84
663 82
664 9
665 74
666 22
667 57
668 80
669 50
670 76
671 0
672 178
673 43
674 18
675 11
676 18
677 0
