0 6.85270799528
1 5.29283288233
10 7.76738345457
100 144.826187546
101 32.6813288753
102 16.0207375296
103 7.59749196649
104 11.8477052124
105 3.64455277853
106 -1.60923318665
107 32.2786134973
108 12.5667740172
109 20.0866740409
11 9.41290076063
110 20.4212521197
111 32.3137260377
112 27.6498058975
113 0
114 31.7744210639
115 5.13104148371
116 3.24014815722
117 12.0566647995
118 13.7860213379
119 10.1858867631
12 22.5097106259
120 22.1616802063
121 2.20205860656
122 0
123 30.7432634275
124 32.0585342401
125 20.8887678329
126 25.801607444
127 -4.02224800486
128 33.2754072666
129 2.81321185334
13 48.7882324932
130 29.6013438127
131 17.9281228418
132 32.8533075939
133 28.6639181561
134 0
135 50.0823998209
136 13.9380090731
137 11.2603825982
138 0.239578206542
139 3.28299176821
14 23.7045456801
140 12.7879715364
141 92.4389800022
142 4.91484141995
143 5.96243416905
144 1.53354046273
145 -3.05084946951
146 49.3962243552
147 0.560235455555
148 2.80473324559
149 6.67366713377
15 86.2798074422
150 9.3361914537
151 30.2775163479
152 0
153 42.9681328566
154 3.26185194122
155 2.63006768522
156 3.05391356959
157 14.1498543698
158 3.74126937384
159 25.9059990272
16 2.68706405716
160 2.35486690719
161 0
162 8.79539965547
163 50.3452500235
164 20.8311095405
165 17.9829740537
166 24.4637142019
167 52.1862446721
168 3.53840430378
169 34.6675053859
17 0
170 22.0981783505
171 20.9222758772
172 21.3335130806
173 0
174 22.0234748911
175 7.31300736358
176 1.41663031855
177 3.95430034128
178 8.89359313943
179 4.8359209812
18 84.5293234086
180 7.24541481083
181 -0.142383928802
182 55.5319626482
183 36.2396906103
184 41.7911503012
185 41.3811138634
186 130.554668109
187 100.178228172
188 0
189 60.3404714876
19 78.5686649507
190 5.75368211175
191 6.99702287419
192 22.8902833174
193 48.9827782616
194 22.458835842
195 91.2830190592
196 2.1994131097
197 0
198 82.9135093575
199 73.2903701806
2 60.3756925532
20 64.5124733862
200 68.5259652843
201 71.1257643514
202 7.04094617234
203 61.2379733797
204 16.1092191504
205 49.9804719163
206 71.2481341447
207 48.8652119079
208 29.7586910918
209 0
21 74.1341916669
210 150.117139312
211 37.6652495872
212 18.6744132455
213 7.76854616199
214 16.6243017019
215 4.33618305933
216 0.915031046902
217 43.8972605729
218 24.5468197918
219 24.7795168686
22 4.93123406527
220 39.483454753
221 126.714391112
222 87.4636161962
223 0
224 42.7810252814
225 3.84387204266
226 6.64156135834
227 24.7065882399
228 38.6414677606
229 12.4049186628
23 67.2359781855
230 101.46037457
231 2.45283903091
232 0
233 54.6361974606
234 55.0510018797
235 54.8949980748
236 54.0840383651
237 7.28866215475
238 47.1693355601
239 12.4342032823
24 15.7190873175
240 34.1039932042
241 46.4747762283
242 32.12867403
243 72.2612871501
244 0
245 110.825977036
246 25.320859602
247 10.43074767
248 6.8287451344
249 9.98034162675
25 51.9952560665
250 2.39891570629
251 3.93738089341
252 48.2098664705
253 17.6494212031
254 21.0725140656
255 15.1921258733
256 64.6260950148
257 64.0275096202
258 0
259 46.2560938819
26 71.8374748561
260 1.20791307565
261 4.83432024819
262 34.0299729618
263 32.0860086347
264 13.1979497081
265 28.3217569314
266 1.57258423733
267 0
268 41.8704607565
269 58.1749800237
27 52.2592762749
270 33.6555700749
271 52.739650598
272 10.4588364866
273 51.1543948041
274 8.7381569243
275 39.3504692443
276 42.6680112592
277 18.4956941659
278 15.1873453946
279 0
28 102.022092016
280 84.5118380338
281 35.7790916966
282 13.1755002116
283 5.33234708833
284 7.78876127581
285 5.51771259153
286 4.35177827423
287 2.23309053298
288 9.6281984373
289 13.2652339477
29 0
290 5.99375903625
291 18.2802689254
292 42.1049960642
293 47.6145293586
294 0
295 10.6981474099
296 4.42502272442
297 5.49604167022
298 5.21128512645
299 10.966596275
3 41.35597386
30 153.562343897
300 7.70029007976
301 33.2205262441
302 1.99052132205
303 0
304 23.1153988443
305 18.4251907336
306 19.2407963036
307 23.3628335941
308 6.06379399138
309 11.3083583658
31 42.6910054698
310 4.19302392195
311 10.3202053414
312 29.0622662929
313 25.1579509941
314 7.54972367132
315 0
316 55.6560628928
317 25.196133545
318 5.44170360251
319 4.43004844537
32 19.7369084662
320 9.11771564095
321 2.51595017795
322 14.8543103633
323 33.3787271863
324 9.72834703857
325 11.8385430767
326 14.1682254863
327 43.5994205418
328 27.3323434504
329 0
33 8.050412209
330 32.6100110779
331 2.12624935076
332 -0.239390572336
333 19.1991146611
334 17.2142121941
335 2.96730944349
336 10.8601076017
337 1.33160783688
338 0
339 21.7277811618
34 19.3897469071
340 30.725474083
341 24.3202653703
342 26.8519965271
343 4.84052499007
344 34.062341971
345 -1.22330466506
346 27.1599317597
347 16.5259686193
348 -1.21150387002
349 26.6158715872
35 2.37085806035
350 0
351 52.5155110675
352 2.42968818175
353 10.3785022078
354 -0.153368275744
355 2.06694567621
356 2.21633401188
357 3.89788381395
358 28.8662855528
359 12.934195202
36 0.374380202047
360 13.1035307039
361 40.0702590693
362 92.5288248857
363 32.4983692533
364 0
365 29.5843538613
366 3.52972192132
367 2.00619625128
368 16.6000303947
369 17.167536
37 33.7058664021
370 4.50807908449
371 9.13860106777
372 1.05261573662
373 0
374 28.9610473038
375 38.1337504967
376 19.6239483449
377 33.8223053057
378 8.3752512073
379 31.7476308815
38 18.2024887653
380 0.925135079099
381 24.4634789094
382 19.3910743003
383 9.29328409233
384 23.7236621813
385 0
386 63.6908681126
387 17.6554248105
388 9.21347555919
389 0.0419849717952
39 39.8030467305
390 6.89365625335
391 -12.7977920104
392 84.9505357918
393 6.97204149046
394 32.7537543452
395 0.309800094658
396 0.155978263856
397 29.0590585865
398 12.3885519232
399 17.1053481444
4 38.1757366957
40 28.8224708623
400 28.3582927523
401 26.0208690218
402 15.6397818229
403 0
404 23.021113056
405 4.39017061902
406 4.91631076882
407 7.38160859461
408 11.0210323343
409 7.20035475421
41 105.897951362
410 24.9220603084
411 5.92085874138
412 0
413 27.8256416269
414 24.0557954246
415 23.1757740315
416 20.4186142491
417 3.63855402784
418 29.0398428883
419 3.99714586261
42 46.226867421
420 21.6191378668
421 12.5337154032
422 0.162870355048
423 24.1795129604
424 0
425 43.1719173886
426 5.46580210366
427 11.8150565224
428 1.03321684541
429 -2.40303439875
43 0
430 2.35594823742
431 0.527106758404
432 23.9440708406
433 9.81781525038
434 15.4367424197
435 31.6065816919
436 25.9199215667
437 6.94972190637
438 0
439 24.4620600725
44 30.6863256639
440 2.25850803848
441 -0.336034880919
442 12.5945111013
443 15.0913832611
444 6.91275339627
445 12.0816653249
446 1.99453944682
447 0
448 23.3769286715
449 16.5273082299
45 2.80227600044
450 28.6384707408
451 18.2718942932
452 -1.59183034755
453 23.0439008584
454 1.44213424362
455 22.5456715089
456 12.6353560965
457 -0.908478990908
458 11.1569762296
459 0
46 3.26819596038
460 33.132058867
461 -6.39904136235
462 8.95218000801
463 2.62473378841
464 -3.82038529712
465 2.50953723899
466 -0.915837649388
467 22.1358656469
468 9.94348963736
469 10.392220447
47 12.5461686682
470 31.030377359
471 53.7008522797
472 12.7348799977
473 0
474 22.52337415
475 3.09431244585
476 2.17830760618
477 13.1636480452
478 11.5377147818
479 7.2245977978
48 21.718472193
480 -8.74864495499
481 2.72366070985
482 0
483 25.0679046819
484 24.2971108036
485 9.47756346455
486 22.1719248513
487 1.27394784789
488 24.0931873212
489 0.773323790937
49 9.58872474402
490 19.240513655
491 9.76033308678
492 8.69817101035
493 39.7012769715
494 0
495 18.7663805876
496 13.1556423329
497 6.91256690229
498 -0.577340394707
499 2.41188793382
5 41.3009786127
50 63.806968622
500 3.71953677458
501 -1.02615758067
502 28.1364535268
503 10.7383398476
504 13.9906047352
505 25.4954388323
506 23.4455434908
507 20.6119484203
508 0
509 27.6874792978
51 1.23627021609
510 0.0119706723941
511 2.3476900083
512 8.56546467199
513 12.6908467683
514 11.0052766089
515 17.1384336826
516 1.84606174922
517 0
518 30.2387696019
519 31.6308790924
52 0
520 15.2663639997
521 28.4848725205
522 -6.61505120647
523 29.3187795286
524 1.45972438709
525 24.87285238
526 17.3195728559
527 11.0126185741
528 -1.77410601067
529 0
53 52.8985204382
530 33.2533777259
531 15.2515969615
532 8.8416558271
533 -0.0202409252575
534 -4.1981597837
535 4.65976155119
536 3.12478515335
537 35.0257794453
538 16.1445052494
539 27.7320312201
54 33.6108137144
540 32.7545791042
541 99.5203553725
542 56.5236765691
543 0
544 34.0021594621
545 1.5966201484
546 1.09883238916
547 11.3031858917
548 31.4456246073
549 11.6107110822
55 38.1869166244
550 82.2871371651
551 3.17283305379
552 0
553 58.5065141001
554 34.604253496
555 52.9312597926
556 42.0776291132
557 -6.82114457197
558 36.3914806056
559 10.7558597857
56 30.3562211614
560 28.007222937
561 32.3564497176
562 5.82530225999
563 27.4152996353
564 0
565 69.0532285344
566 4.88734440686
567 11.8153552965
568 0.799402107492
569 -2.96199571119
57 1.77916186917
570 5.57444184698
571 5.72633210006
572 44.9422920568
573 19.7745887422
574 26.9454067558
575 20.4717714518
576 74.4688755932
577 53.2552503221
578 0
579 45.8141921749
58 36.5873098302
580 2.21441939823
581 3.13425932529
582 28.4118020551
583 34.3220756038
584 9.9449681479
585 26.6640082387
586 0.804766221227
587 0
588 41.3292636587
589 54.3164952466
59 9.64018417286
590 35.0235364028
591 59.6840261327
592 -6.14570247066
593 50.6120098706
594 6.28109524257
595 35.9149031467
596 29.2447485526
597 18.9666991553
598 21.5946413156
599 0
6 129.996566143
60 25.6018953894
600 98.4073073612
601 19.1613310363
602 20.442783647
603 3.53804394092
604 1.11028073402
605 4.9832668579
606 0.721809807058
607 32.7521427225
608 20.6370971413
609 20.8980888044
61 24.2616558105
610 32.1288944956
611 95.9219629214
612 69.9659726773
613 0
614 31.4533406251
615 5.37159426692
616 3.11462620288
617 9.53769518354
618 31.844422311
619 8.99808956236
62 33.4931743943
620 91.2459006194
621 2.62869587457
622 0
623 56.019345157
624 35.4131144917
625 53.5054902685
626 41.9144020875
627 8.64727657435
628 34.4350734175
629 12.0844594446
63 20.276782162
630 24.4794701939
631 39.2439224661
632 25.2682385268
633 43.5758113632
634 0
635 93.6618828974
636 14.3579940372
637 10.5776158285
638 2.22026441654
639 0.86039141519
64 0
640 28.9179160098
641 48.3821395292
642 7.16053499801
643 -1.29672550943
644 68.2852694327
645 39.0905335429
646 34.5553304276
647 56.0494396187
648 141.460323982
649 125.453116627
65 65.5783124269
650 0
651 68.2594746687
652 7.94948234402
653 12.1972808998
654 23.0437301671
655 53.5623926356
656 26.4359066791
657 126.444600697
658 4.96081405779
659 0
66 7.35557825948
660 93.483861658
661 83.340430816
662 83.9105892949
663 82.5556894927
664 8.94503925131
665 73.6202230195
666 21.8560965116
667 56.8689784307
668 79.8460814387
669 49.9325227266
67 12.0178348323
670 75.6192206741
671 0
672 178.47902655
673 42.9198445164
674 18.3506912461
675 11.2283583213
676 17.3889074464
677 -3.41250134956
68 1.59673006092
69 2.10334180611
7 101.427879193
70 7.0210927422
71 -1.79138491157
72 50.3798524713
73 31.9226338452
74 28.5514137493
75 44.6594991677
76 123.837388444
77 96.3148176005
78 0
79 50.710522805
8 0
80 6.76584211985
81 7.11759168042
82 16.6517451213
83 46.9195155804
84 21.4022381991
85 106.002589041
86 1.99764672011
87 0
88 75.7552492355
89 61.8859364033
9 64.3692085403
90 67.3096512742
91 63.2301254695
92 8.42045836413
93 55.0890187622
94 18.3483567278
95 44.1019141164
96 67.4311196874
97 42.2322181568
98 31.8981712366
99 0
