0 7
1 1
2 54
3 29
4 29
5 41
6 126
7 108
8 0
9 65
10 7
11 17
12 13
13 49
14 47
15 68
16 3
17 0
18 82
19 97
20 67
21 77
22 19
23 74
24 24
25 40
26 65
27 151
28 92
29 0
30 120
31 73
32 24
33 6
34 33
35 3
36 2
37 28
38 21
39 24
40 49
41 118
42 53
43 0
44 26
45 3
46 3
47 12
48 24
49 7
50 69
51 2
52 0
53 58
54 27
55 45
56 37
57 2
58 26
59 13
60 26
61 27
62 12
63 12
64 0
65 83
66 2
67 14
68 2
69 3
70 10
71 2
72 61
73 36
74 25
75 44
76 123
77 96
78 0
79 62
80 7
81 4
82 21
83 57
84 21
85 107
86 2
87 0
88 77
89 77
90 83
91 90
92 12
93 62
94 18
95 47
96 76
97 27
98 45
99 0
100 172
101 18
102 16
103 6
104 11
105 4
106 1
107 55
108 16
109 34
110 17
111 39
112 25
113 0
114 57
115 5
116 3
117 27
118 26
119 8
120 43
121 3
122 0
123 51
124 54
125 43
126 49
127 1
128 59
129 5
130 56
131 29
132 18
133 38
134 0
135 71
136 5
137 13
138 2
139 1
140 7
141 136
142 3
143 6
144 1
145 2
146 30
147 2
148 2
149 2
150 13
151 13
152 0
153 27
154 3
155 1
156 1
157 8
158 2
159 10
160 1
161 0
162 6
163 34
164 12
165 10
166 1
167 34
168 3
169 23
170 17
171 16
172 1
173 0
174 18
175 4
176 4
177 1
178 1
179 9
180 8
181 2
182 52
183 35
184 34
185 31
186 124
187 90
188 0
189 51
190 7
191 4
192 22
193 41
194 16
195 81
196 3
197 0
198 73
199 58
200 60
201 65
202 12
203 55
204 19
205 46
206 71
207 26
208 35
209 0
210 149
211 31
212 12
213 8
214 18
215 4
216 1
217 42
218 24
219 27
220 31
221 113
222 80
223 0
224 40
225 11
226 15
227 20
228 32
229 9
230 98
231 2
232 0
233 28
234 49
235 50
236 53
237 18
238 43
239 13
240 42
241 51
242 55
243 58
244 0
245 121
246 24
247 8
248 5
249 47
250 3
251 2
252 32
253 19
254 26
255 16
256 49
257 73
258 0
259 32
260 2
261 2
262 53
263 23
264 5
265 19
266 1
267 0
268 32
269 36
270 28
271 31
272 5
273 35
274 5
275 25
276 38
277 19
278 11
279 0
280 70
281 12
282 8
283 2
284 4
285 5
286 1
287 1
288 1
289 3
290 1
291 1
292 4
293 2
294 0
295 2
296 1
297 1
298 1
299 1
300 2
301 2
302 1
303 0
304 2
305 2
306 1
307 1
308 2
309 2
310 1
311 1
312 2
313 1
314 2
315 0
316 3
317 2
318 1
319 2
320 3
321 3
322 2
323 45
324 16
325 15
326 19
327 54
328 24
329 0
330 45
331 3
332 2
333 20
334 21
335 8
336 18
337 2
338 0
339 36
340 36
341 36
342 39
343 2
344 45
345 2
346 37
347 26
348 17
349 39
350 0
351 60
352 5
353 13
354 2
355 2
356 3
357 4
358 34
359 17
360 24
361 40
362 86
363 48
364 0
365 37
366 5
367 7
368 25
369 26
370 7
371 15
372 1
373 0
374 26
375 40
376 24
377 40
378 3
379 38
380 9
381 32
382 32
383 15
384 46
385 0
386 94
387 10
388 15
389 4
390 6
391 2
392 66
393 5
394 11
395 2
396 1
397 23
398 4
399 4
400 18
401 13
402 5
403 0
404 16
405 2
406 2
407 9
408 12
409 4
410 6
411 1
412 0
413 9
414 19
415 12
416 19
417 1
418 23
419 1
420 12
421 7
422 6
423 6
424 0
425 23
426 3
427 7
428 1
429 1
430 1
431 1
432 24
433 7
434 5
435 13
436 18
437 3
438 0
439 21
440 1
441 1
442 7
443 12
444 5
445 6
446 1
447 0
448 12
449 27
450 12
451 21
452 1
453 25
454 2
455 20
456 9
457 6
458 6
459 0
460 21
461 3
462 5
463 2
464 1
465 5
466 2
467 25
468 17
469 16
470 42
471 36
472 10
473 0
474 26
475 2
476 2
477 13
478 13
479 5
480 11
481 2
482 0
483 20
484 21
485 19
486 26
487 1
488 25
489 2
490 24
491 13
492 10
493 21
494 0
495 35
496 3
497 12
498 1
499 1
500 4
501 3
502 54
503 16
504 35
505 33
506 37
507 28
508 0
509 59
510 6
511 2
512 22
513 22
514 8
515 52
516 4
517 0
518 40
519 54
520 59
521 43
522 1
523 58
524 6
525 54
526 23
527 11
528 47
529 0
530 60
531 5
532 14
533 2
534 2
535 4
536 6
537 35
538 10
539 28
540 28
541 72
542 62
543 0
544 35
545 5
546 4
547 16
548 41
549 8
550 80
551 3
552 0
553 37
554 36
555 53
556 42
557 2
558 37
559 11
560 30
561 32
562 15
563 25
564 0
565 92
566 3
567 11
568 2
569 2
570 5
571 1
572 43
573 16
574 24
575 21
576 85
577 52
578 0
579 40
580 4
581 3
582 22
583 33
584 7
585 23
586 2
587 0
588 36
589 41
590 36
591 51
592 6
593 45
594 6
595 32
596 33
597 19
598 48
599 0
600 84
601 7
602 20
603 2
604 2
605 4
606 2
607 39
608 25
609 25
610 35
611 108
612 88
613 0
614 42
615 4
616 3
617 11
618 39
619 11
620 65
621 5
622 0
623 58
624 50
625 63
626 48
627 4
628 47
629 10
630 35
631 43
632 15
633 32
634 0
635 116
636 5
637 15
638 4
639 3
640 2
641 9
642 9
643 2
644 69
645 45
646 39
647 41
648 143
649 136
650 0
651 75
652 7
653 15
654 15
655 65
656 31
657 136
658 4
659 0
660 105
661 95
662 78
663 95
664 16
665 77
666 22
667 66
668 80
669 64
670 42
671 0
672 208
673 65
674 34
675 16
676 10
677 27
