0 7
1 5
2 61
3 29
4 30
5 31
6 109
7 80
8 0
9 70
10 4
11 6
12 17
13 45
14 38
15 72
16 2
17 0
18 66
19 105
20 58
21 53
22 23
23 81
24 19
25 58
26 71
27 105
28 25
29 0
30 116
31 55
32 29
33 4
34 25
35 4
36 2
37 32
38 20
39 44
40 32
41 99
42 47
43 0
44 24
45 3
46 4
47 10
48 21
49 10
50 59
51 2
52 0
53 59
54 31
55 41
56 28
57 2
58 31
59 9
60 24
61 30
62 13
63 33
64 0
65 69
66 2
67 11
68 3
69 4
70 7
71 2
72 49
73 41
74 28
75 50
76 126
77 93
78 0
79 64
80 4
81 4
82 14
83 37
84 14
85 89
86 2
87 0
88 81
89 70
90 50
91 74
92 6
93 62
94 18
95 42
96 56
97 20
98 32
99 0
100 153
101 32
102 14
103 4
104 4
105 1
106 1
107 40
108 6
109 14
110 22
111 28
112 6
113 0
114 41
115 3
116 3
117 18
118 14
119 5
120 21
121 2
122 0
123 9
124 38
125 16
126 20
127 1
128 43
129 1
130 38
131 14
132 12
133 6
134 0
135 24
136 3
137 7
138 1
139 1
140 14
141 162
142 2
143 2
144 1
145 2
146 43
147 2
148 4
149 4
150 20
151 26
152 0
153 48
154 4
155 3
156 1
157 10
158 8
159 11
160 1
161 0
162 10
163 49
164 13
165 13
166 2
167 54
168 4
169 31
170 14
171 22
172 4
173 0
174 28
175 6
176 4
177 2
178 2
179 4
180 7
181 1
182 51
183 39
184 33
185 38
186 109
187 106
188 0
189 61
190 4
191 3
192 22
193 44
194 12
195 94
196 2
197 0
198 72
199 67
200 60
201 77
202 7
203 61
204 19
205 47
206 59
207 23
208 44
209 0
210 138
211 35
212 13
213 7
214 3
215 4
216 1
217 39
218 24
219 24
220 34
221 103
222 89
223 0
224 46
225 4
226 5
227 23
228 35
229 6
230 97
231 2
232 0
233 29
234 57
235 49
236 67
237 4
238 46
239 10
240 35
241 49
242 19
243 99
244 0
245 123
246 21
247 7
248 6
249 3
250 4
251 2
252 24
253 14
254 28
255 16
256 63
257 70
258 0
259 23
260 4
261 2
262 59
263 24
264 6
265 29
266 2
267 0
268 32
269 33
270 24
271 30
272 8
273 25
274 6
275 19
276 57
277 21
278 16
279 0
280 76
281 14
282 10
283 2
284 7
285 4
286 2
287 1
288 4
289 4
290 4
291 2
292 7
293 14
294 0
295 8
296 2
297 2
298 2
299 11
300 4
301 4
302 2
303 0
304 15
305 5
306 2
307 12
308 2
309 2
310 3
311 3
312 8
313 3
314 4
315 0
316 11
317 7
318 7
319 3
320 4
321 3
322 14
323 19
324 5
325 5
326 15
327 26
328 16
329 0
330 18
331 3
332 1
333 16
334 13
335 4
336 12
337 2
338 0
339 28
340 22
341 15
342 12
343 2
344 21
345 2
346 14
347 10
348 6
349 4
350 0
351 26
352 5
353 12
354 2
355 1
356 2
357 1
358 17
359 14
360 8
361 25
362 48
363 17
364 0
365 18
366 2
367 6
368 15
369 12
370 3
371 10
372 2
373 0
374 9
375 21
376 14
377 11
378 2
379 20
380 3
381 15
382 27
383 10
384 4
385 0
386 52
387 4
388 13
389 2
390 7
391 3
392 47
393 4
394 30
395 2
396 1
397 24
398 3
399 13
400 29
401 14
402 5
403 0
404 23
405 2
406 1
407 10
408 8
409 4
410 12
411 2
412 0
413 7
414 24
415 11
416 12
417 1
418 25
419 1
420 27
421 11
422 9
423 4
424 0
425 11
426 1
427 6
428 1
429 1
430 1
431 1
432 26
433 5
434 2
435 13
436 17
437 4
438 0
439 22
440 2
441 1
442 8
443 8
444 4
445 9
446 1
447 0
448 13
449 23
450 11
451 18
452 1
453 23
454 1
455 17
456 6
457 4
458 4
459 0
460 18
461 2
462 5
463 2
464 1
465 5
466 1
467 25
468 14
469 28
470 49
471 38
472 7
473 0
474 27
475 2
476 1
477 17
478 15
479 7
480 20
481 2
482 0
483 30
484 23
485 21
486 27
487 2
488 26
489 2
490 24
491 10
492 14
493 19
494 0
495 34
496 4
497 11
498 1
499 1
500 2
501 1
502 39
503 2
504 21
505 25
506 37
507 8
508 0
509 36
510 3
511 1
512 24
513 12
514 7
515 24
516 3
517 0
518 13
519 43
520 18
521 14
522 1
523 38
524 2
525 43
526 15
527 13
528 5
529 0
530 18
531 3
532 6
533 1
534 1
535 3
536 6
537 25
538 9
539 34
540 27
541 96
542 71
543 0
544 27
545 6
546 2
547 11
548 39
549 11
550 99
551 3
552 0
553 38
554 24
555 63
556 44
557 3
558 27
559 19
560 23
561 34
562 10
563 19
564 0
565 86
566 3
567 14
568 3
569 3
570 6
571 4
572 36
573 17
574 26
575 22
576 74
577 62
578 0
579 34
580 6
581 4
582 23
583 32
584 8
585 21
586 3
587 0
588 26
589 36
590 35
591 46
592 6
593 40
594 4
595 31
596 33
597 21
598 37
599 0
600 96
601 8
602 17
603 3
604 3
605 9
606 2
607 34
608 22
609 20
610 28
611 78
612 51
613 0
614 29
615 6
616 3
617 10
618 30
619 6
620 86
621 4
622 0
623 48
624 40
625 51
626 46
627 2
628 40
629 12
630 21
631 44
632 13
633 116
634 0
635 118
636 3
637 8
638 3
639 2
640 1
641 18
642 5
643 1
644 63
645 42
646 35
647 54
648 127
649 127
650 0
651 68
652 6
653 6
654 14
655 63
656 16
657 135
658 4
659 0
660 97
661 85
662 78
663 101
664 8
665 67
666 26
667 47
668 58
669 24
670 21
671 0
672 193
673 57
674 25
675 8
676 4
677 9
