0 9
1 1
2 52
3 34
4 30
5 41
6 120
7 108
8 0
9 61
10 13
11 15
12 18
13 51
14 39
15 73
16 2
17 0
18 86
19 97
20 64
21 82
22 23
23 73
24 24
25 44
26 58
27 137
28 54
29 0
30 130
31 70
32 23
33 6
34 32
35 3
36 2
37 35
38 20
39 28
40 45
41 112
42 56
43 0
44 35
45 3
46 3
47 14
48 26
49 8
50 77
51 2
52 0
53 59
54 32
55 49
56 37
57 3
58 37
59 12
60 28
61 28
62 14
63 19
64 0
65 79
66 3
67 14
68 2
69 3
70 9
71 2
72 58
73 36
74 26
75 41
76 128
77 92
78 0
79 61
80 6
81 3
82 21
83 53
84 21
85 115
86 3
87 0
88 83
89 76
90 76
91 86
92 11
93 60
94 20
95 53
96 78
97 28
98 47
99 0
100 167
101 21
102 19
103 6
104 11
105 4
106 2
107 52
108 16
109 33
110 20
111 39
112 28
113 0
114 59
115 6
116 2
117 23
118 25
119 8
120 42
121 3
122 0
123 53
124 54
125 50
126 46
127 1
128 56
129 7
130 56
131 28
132 17
133 30
134 0
135 77
136 5
137 12
138 1
139 2
140 5
141 111
142 6
143 7
144 1
145 2
146 40
147 2
148 6
149 4
150 19
151 16
152 0
153 44
154 2
155 2
156 2
157 10
158 4
159 11
160 1
161 0
162 5
163 45
164 8
165 14
166 1
167 42
168 3
169 25
170 18
171 14
172 2
173 0
174 18
175 3
176 5
177 2
178 1
179 9
180 6
181 1
182 51
183 36
184 32
185 31
186 123
187 98
188 0
189 54
190 7
191 4
192 27
193 39
194 15
195 84
196 3
197 0
198 70
199 55
200 59
201 65
202 20
203 53
204 17
205 45
206 70
207 31
208 36
209 0
210 149
211 32
212 13
213 9
214 17
215 4
216 1
217 40
218 24
219 26
220 32
221 113
222 81
223 0
224 41
225 11
226 14
227 25
228 31
229 10
230 103
231 2
232 0
233 44
234 49
235 50
236 53
237 16
238 44
239 13
240 38
241 53
242 24
243 78
244 0
245 113
246 20
247 8
248 10
249 35
250 3
251 3
252 31
253 16
254 27
255 16
256 71
257 46
258 0
259 31
260 3
261 2
262 57
263 25
264 5
265 19
266 1
267 0
268 31
269 37
270 27
271 34
272 5
273 35
274 4
275 25
276 44
277 17
278 16
279 0
280 68
281 13
282 9
283 2
284 5
285 6
286 1
287 1
288 1
289 2
290 2
291 2
292 4
293 2
294 0
295 2
296 1
297 1
298 1
299 1
300 2
301 2
302 1
303 0
304 3
305 2
306 1
307 1
308 2
309 2
310 1
311 1
312 1
313 1
314 3
315 0
316 3
317 2
318 1
319 2
320 2
321 3
322 2
323 46
324 16
325 19
326 21
327 60
328 26
329 0
330 42
331 3
332 2
333 19
334 23
335 7
336 15
337 1
338 0
339 38
340 40
341 31
342 35
343 2
344 42
345 3
346 40
347 26
348 15
349 32
350 0
351 67
352 5
353 14
354 2
355 1
356 4
357 3
358 33
359 18
360 21
361 52
362 96
363 41
364 0
365 39
366 3
367 4
368 26
369 28
370 7
371 17
372 1
373 0
374 37
375 44
376 26
377 45
378 4
379 36
380 8
381 28
382 31
383 16
384 42
385 0
386 96
387 8
388 17
389 3
390 5
391 2
392 78
393 5
394 39
395 2
396 1
397 22
398 5
399 4
400 13
401 15
402 5
403 0
404 17
405 2
406 2
407 9
408 12
409 4
410 7
411 2
412 0
413 11
414 18
415 10
416 21
417 1
418 24
419 1
420 14
421 8
422 6
423 6
424 0
425 20
426 3
427 7
428 1
429 1
430 2
431 1
432 22
433 7
434 5
435 12
436 15
437 4
438 0
439 19
440 3
441 2
442 6
443 12
444 4
445 7
446 1
447 0
448 12
449 21
450 15
451 17
452 1
453 25
454 2
455 19
456 10
457 7
458 6
459 0
460 22
461 3
462 7
463 1
464 1
465 3
466 1
467 26
468 14
469 11
470 43
471 29
472 10
473 0
474 29
475 2
476 1
477 13
478 12
479 6
480 13
481 2
482 0
483 19
484 21
485 20
486 25
487 1
488 25
489 2
490 26
491 14
492 12
493 19
494 0
495 35
496 3
497 10
498 1
499 1
500 4
501 6
502 53
503 14
504 35
505 36
506 39
507 27
508 0
509 57
510 6
511 2
512 22
513 24
514 10
515 34
516 3
517 0
518 42
519 53
520 57
521 42
522 2
523 57
524 7
525 54
526 26
527 15
528 40
529 0
530 62
531 5
532 15
533 2
534 2
535 4
536 5
537 41
538 11
539 29
540 26
541 84
542 63
543 0
544 37
545 4
546 3
547 18
548 35
549 9
550 84
551 3
552 0
553 45
554 34
555 58
556 38
557 1
558 43
559 14
560 30
561 31
562 14
563 31
564 0
565 88
566 5
567 14
568 2
569 3
570 5
571 2
572 41
573 17
574 25
575 19
576 77
577 57
578 0
579 39
580 5
581 3
582 20
583 31
584 6
585 21
586 2
587 0
588 30
589 42
590 34
591 46
592 4
593 45
594 5
595 32
596 30
597 19
598 28
599 0
600 88
601 8
602 16
603 2
604 2
605 6
606 3
607 44
608 29
609 27
610 41
611 106
612 81
613 0
614 39
615 4
616 3
617 14
618 36
619 10
620 85
621 5
622 0
623 57
624 45
625 55
626 51
627 6
628 43
629 11
630 31
631 44
632 14
633 39
634 0
635 114
636 6
637 11
638 4
639 2
640 2
641 13
642 8
643 3
644 70
645 45
646 37
647 43
648 137
649 128
650 0
651 81
652 8
653 16
654 16
655 65
656 35
657 129
658 4
659 0
660 102
661 104
662 77
663 101
664 27
665 78
666 21
667 62
668 88
669 66
670 37
671 0
672 197
673 59
674 28
675 13
676 12
677 23
