0 9
1 3
2 53
3 30
4 30
5 41
6 126
7 105
8 0
9 59
10 13
11 18
12 19
13 49
14 38
15 72
16 3
17 0
18 84
19 102
20 61
21 82
22 22
23 78
24 25
25 51
26 67
27 154
28 43
29 0
30 141
31 71
32 23
33 8
34 37
35 3
36 2
37 33
38 20
39 28
40 44
41 114
42 54
43 0
44 36
45 4
46 3
47 15
48 28
49 7
50 82
51 3
52 0
53 63
54 33
55 45
56 41
57 3
58 41
59 11
60 33
61 29
62 14
63 17
64 0
65 76
66 3
67 14
68 3
69 3
70 8
71 3
72 58
73 37
74 27
75 45
76 131
77 100
78 0
79 59
80 6
81 4
82 21
83 57
84 21
85 123
86 4
87 0
88 85
89 87
90 79
91 88
92 13
93 61
94 18
95 50
96 77
97 26
98 44
99 0
100 166
101 20
102 18
103 5
104 16
105 5
106 3
107 55
108 17
109 32
110 23
111 36
112 28
113 0
114 59
115 5
116 3
117 24
118 26
119 9
120 37
121 3
122 0
123 55
124 51
125 49
126 42
127 3
128 59
129 9
130 53
131 26
132 18
133 22
134 0
135 77
136 6
137 13
138 3
139 3
140 5
141 93
142 12
143 8
144 2
145 6
146 44
147 2
148 5
149 5
150 22
151 14
152 0
153 52
154 3
155 2
156 3
157 9
158 4
159 12
160 2
161 0
162 6
163 42
164 9
165 14
166 3
167 43
168 3
169 23
170 19
171 15
172 3
173 0
174 19
175 3
176 5
177 2
178 3
179 9
180 7
181 3
182 50
183 36
184 31
185 32
186 127
187 97
188 0
189 50
190 7
191 5
192 25
193 41
194 19
195 84
196 3
197 0
198 74
199 56
200 55
201 68
202 19
203 49
204 17
205 44
206 67
207 29
208 45
209 0
210 146
211 30
212 14
213 8
214 15
215 4
216 2
217 41
218 23
219 27
220 36
221 113
222 79
223 0
224 41
225 11
226 15
227 24
228 31
229 13
230 101
231 3
232 0
233 58
234 47
235 51
236 54
237 18
238 44
239 13
240 36
241 53
242 22
243 101
244 0
245 123
246 19
247 8
248 9
249 24
250 3
251 4
252 32
253 18
254 25
255 15
256 72
257 45
258 0
259 30
260 4
261 4
262 58
263 23
264 5
265 17
266 2
267 0
268 30
269 37
270 26
271 36
272 5
273 34
274 5
275 24
276 46
277 18
278 18
279 0
280 68
281 14
282 8
283 3
284 6
285 7
286 3
287 7
288 2
289 3
290 3
291 3
292 5
293 4
294 0
295 2
296 3
297 2
298 3
299 4
300 3
301 3
302 2
303 0
304 3
305 2
306 3
307 2
308 3
309 2
310 3
311 2
312 3
313 3
314 3
315 0
316 3
317 2
318 4
319 3
320 4
321 3
322 5
323 46
324 16
325 17
326 19
327 62
328 29
329 0
330 42
331 3
332 3
333 19
334 23
335 8
336 17
337 2
338 0
339 40
340 39
341 30
342 36
343 4
344 43
345 5
346 38
347 26
348 15
349 23
350 0
351 72
352 5
353 13
354 3
355 3
356 4
357 3
358 31
359 18
360 19
361 49
362 95
363 39
364 0
365 37
366 3
367 5
368 26
369 26
370 7
371 17
372 2
373 0
374 41
375 41
376 26
377 44
378 5
379 36
380 5
381 29
382 30
383 18
384 39
385 0
386 92
387 8
388 18
389 3
390 6
391 4
392 73
393 5
394 35
395 2
396 4
397 23
398 5
399 7
400 12
401 16
402 5
403 0
404 19
405 3
406 2
407 9
408 10
409 5
410 8
411 3
412 0
413 10
414 20
415 11
416 23
417 2
418 25
419 2
420 12
421 10
422 5
423 6
424 0
425 20
426 4
427 6
428 2
429 3
430 2
431 4
432 23
433 7
434 4
435 12
436 16
437 5
438 0
439 19
440 3
441 3
442 7
443 12
444 4
445 7
446 2
447 0
448 14
449 22
450 14
451 19
452 2
453 24
454 2
455 20
456 9
457 7
458 10
459 0
460 21
461 2
462 7
463 3
464 3
465 3
466 5
467 26
468 13
469 12
470 51
471 29
472 10
473 0
474 33
475 2
476 2
477 12
478 12
479 4
480 13
481 3
482 0
483 19
484 22
485 22
486 27
487 2
488 27
489 2
490 28
491 13
492 11
493 16
494 0
495 36
496 4
497 10
498 3
499 3
500 4
501 7
502 53
503 16
504 31
505 38
506 36
507 30
508 0
509 59
510 6
511 3
512 25
513 23
514 9
515 34
516 4
517 0
518 43
519 53
520 57
521 43
522 3
523 58
524 8
525 52
526 28
527 14
528 61
529 0
530 53
531 4
532 15
533 2
534 3
535 4
536 6
537 39
538 14
539 27
540 27
541 103
542 63
543 0
544 40
545 4
546 4
547 18
548 34
549 10
550 76
551 3
552 0
553 47
554 36
555 60
556 35
557 2
558 40
559 15
560 30
561 33
562 16
563 35
564 0
565 90
566 5
567 14
568 3
569 4
570 5
571 3
572 39
573 17
574 24
575 17
576 76
577 53
578 0
579 41
580 5
581 4
582 19
583 32
584 8
585 18
586 3
587 0
588 43
589 47
590 36
591 43
592 5
593 44
594 5
595 31
596 33
597 19
598 32
599 0
600 94
601 8
602 15
603 3
604 3
605 7
606 3
607 44
608 28
609 27
610 45
611 107
612 81
613 0
614 38
615 4
616 4
617 16
618 37
619 10
620 86
621 6
622 0
623 54
624 46
625 57
626 53
627 9
628 40
629 11
630 31
631 44
632 16
633 36
634 0
635 118
636 7
637 11
638 4
639 4
640 3
641 13
642 7
643 5
644 74
645 43
646 34
647 43
648 135
649 133
650 0
651 82
652 8
653 20
654 16
655 68
656 35
657 126
658 4
659 0
660 103
661 119
662 79
663 102
664 22
665 79
666 22
667 63
668 86
669 63
670 38
671 0
672 205
673 60
674 30
675 14
676 12
677 23
