0 6
1 5
2 61
3 28
4 29
5 40
6 110
7 87
8 0
9 53
10 4
11 4
12 15
13 60
14 36
15 74
16 2
17 0
18 85
19 85
20 45
21 60
22 22
23 65
24 21
25 42
26 59
27 141
28 21
29 0
30 107
31 69
32 16
33 7
34 25
35 4
36 1
37 30
38 22
39 28
40 34
41 92
42 50
43 0
44 22
45 3
46 5
47 12
48 19
49 11
50 76
51 2
52 0
53 55
54 26
55 42
56 26
57 3
58 34
59 10
60 28
61 26
62 10
63 13
64 0
65 67
66 2
67 11
68 6
69 3
70 8
71 2
72 52
73 42
74 29
75 35
76 128
77 91
78 0
79 66
80 6
81 5
82 20
83 63
84 21
85 99
86 2
87 0
88 93
89 60
90 66
91 92
92 6
93 65
94 20
95 59
96 72
97 22
98 20
99 0
100 149
101 23
102 19
103 8
104 10
105 3
106 1
107 45
108 14
109 6
110 23
111 30
112 6
113 0
114 45
115 5
116 4
117 19
118 19
119 6
120 17
121 3
122 0
123 31
124 34
125 30
126 34
127 2
128 46
129 1
130 41
131 19
132 13
133 21
134 0
135 41
136 3
137 13
138 1
139 1
140 20
141 170
142 4
143 7
144 2
145 2
146 46
147 2
148 3
149 4
150 24
151 25
152 0
153 37
154 5
155 3
156 1
157 10
158 7
159 13
160 1
161 0
162 9
163 47
164 9
165 14
166 2
167 65
168 3
169 31
170 19
171 17
172 4
173 0
174 26
175 4
176 4
177 2
178 2
179 7
180 8
181 1
182 53
183 40
184 36
185 38
186 97
187 107
188 0
189 56
190 9
191 3
192 22
193 57
194 18
195 88
196 2
197 0
198 66
199 71
200 73
201 77
202 12
203 61
204 21
205 45
206 66
207 28
208 46
209 0
210 148
211 30
212 11
213 14
214 17
215 5
216 1
217 43
218 24
219 24
220 42
221 102
222 83
223 0
224 45
225 6
226 3
227 24
228 38
229 8
230 97
231 2
232 0
233 25
234 53
235 51
236 72
237 6
238 45
239 12
240 45
241 52
242 26
243 103
244 0
245 142
246 13
247 8
248 4
249 6
250 3
251 2
252 22
253 18
254 17
255 18
256 52
257 89
258 0
259 23
260 4
261 2
262 42
263 21
264 3
265 34
266 1
267 0
268 34
269 29
270 17
271 29
272 4
273 28
274 6
275 17
276 62
277 18
278 7
279 0
280 83
281 9
282 7
283 2
284 4
285 3
286 3
287 1
288 6
289 16
290 2
291 3
292 16
293 33
294 0
295 3
296 1
297 2
298 1
299 9
300 7
301 7
302 2
303 0
304 15
305 4
306 3
307 29
308 4
309 4
310 2
311 6
312 19
313 4
314 4
315 0
316 7
317 5
318 6
319 3
320 2
321 2
322 50
323 14
324 9
325 7
326 13
327 21
328 24
329 0
330 15
331 4
332 1
333 21
334 17
335 5
336 9
337 2
338 0
339 28
340 23
341 15
342 14
343 2
344 17
345 2
346 9
347 22
348 7
349 5
350 0
351 44
352 4
353 12
354 2
355 1
356 2
357 3
358 15
359 8
360 8
361 14
362 55
363 27
364 0
365 13
366 1
367 4
368 19
369 15
370 2
371 9
372 2
373 0
374 20
375 16
376 13
377 7
378 2
379 14
380 3
381 11
382 17
383 7
384 5
385 0
386 54
387 3
388 10
389 2
390 7
391 8
392 50
393 5
394 22
395 3
396 1
397 8
398 4
399 1
400 13
401 14
402 3
403 0
404 10
405 1
406 1
407 4
408 2
409 2
410 6
411 2
412 0
413 4
414 9
415 6
416 9
417 2
418 9
419 2
420 10
421 5
422 4
423 4
424 0
425 10
426 1
427 5
428 1
429 1
430 1
431 1
432 26
433 5
434 1
435 11
436 18
437 4
438 0
439 23
440 2
441 1
442 9
443 7
444 4
445 7
446 1
447 0
448 9
449 23
450 9
451 17
452 1
453 28
454 2
455 20
456 7
457 4
458 5
459 0
460 19
461 2
462 5
463 3
464 1
465 4
466 1
467 25
468 14
469 29
470 45
471 43
472 8
473 0
474 27
475 2
476 1
477 17
478 15
479 8
480 19
481 3
482 0
483 29
484 23
485 21
486 27
487 1
488 27
489 3
490 27
491 10
492 15
493 14
494 0
495 32
496 3
497 13
498 1
499 1
500 4
501 1
502 38
503 14
504 26
505 31
506 47
507 10
508 0
509 41
510 3
511 1
512 24
513 16
514 6
515 27
516 4
517 0
518 31
519 43
520 26
521 32
522 1
523 39
524 2
525 43
526 18
527 15
528 25
529 0
530 51
531 2
532 12
533 1
534 1
535 3
536 3
537 23
538 8
539 28
540 30
541 62
542 72
543 0
544 28
545 5
546 1
547 10
548 39
549 10
550 87
551 3
552 0
553 44
554 25
555 49
556 39
557 2
558 27
559 15
560 23
561 32
562 10
563 19
564 0
565 94
566 4
567 12
568 2
569 2
570 5
571 5
572 39
573 18
574 16
575 18
576 75
577 60
578 0
579 32
580 8
581 4
582 26
583 35
584 9
585 23
586 2
587 0
588 12
589 38
590 29
591 47
592 6
593 39
594 4
595 27
596 31
597 20
598 40
599 0
600 96
601 8
602 18
603 3
604 3
605 7
606 2
607 32
608 23
609 12
610 37
611 62
612 67
613 0
614 29
615 6
616 2
617 10
618 36
619 7
620 79
621 2
622 0
623 54
624 35
625 34
626 58
627 1
628 38
629 13
630 17
631 46
632 14
633 172
634 0
635 122
636 3
637 8
638 3
639 2
640 1
641 52
642 9
643 1
644 71
645 44
646 29
647 53
648 129
649 135
650 0
651 69
652 6
653 7
654 13
655 61
656 31
657 131
658 4
659 0
660 97
661 86
662 77
663 99
664 9
665 67
666 26
667 53
668 90
669 27
670 34
671 0
672 185
673 60
674 23
675 15
676 12
677 9
