0 8
1 7
2 56
3 26
4 30
5 29
6 115
7 76
8 0
9 80
10 5
11 5
12 18
13 49
14 34
15 73
16 2
17 0
18 64
19 117
20 55
21 51
22 22
23 76
24 18
25 57
26 65
27 79
28 35
29 0
30 129
31 60
32 34
33 3
34 23
35 4
36 2
37 32
38 19
39 40
40 30
41 100
42 47
43 0
44 24
45 4
46 4
47 10
48 21
49 10
50 62
51 2
52 0
53 59
54 29
55 43
56 30
57 3
58 32
59 10
60 22
61 27
62 12
63 11
64 0
65 81
66 3
67 11
68 3
69 4
70 7
71 2
72 44
73 40
74 26
75 48
76 122
77 87
78 0
79 58
80 5
81 3
82 11
83 42
84 13
85 97
86 2
87 0
88 81
89 73
90 54
91 79
92 6
93 61
94 19
95 41
96 55
97 19
98 23
99 0
100 141
101 30
102 13
103 4
104 6
105 1
106 1
107 41
108 5
109 12
110 24
111 29
112 7
113 0
114 43
115 3
116 2
117 20
118 14
119 5
120 23
121 2
122 0
123 11
124 38
125 18
126 16
127 2
128 44
129 1
130 39
131 13
132 12
133 6
134 0
135 24
136 3
137 7
138 1
139 1
140 14
141 165
142 3
143 2
144 2
145 2
146 43
147 2
148 4
149 4
150 22
151 25
152 0
153 44
154 4
155 3
156 1
157 10
158 6
159 14
160 1
161 0
162 9
163 48
164 13
165 11
166 2
167 52
168 3
169 31
170 24
171 21
172 4
173 0
174 26
175 6
176 5
177 2
178 3
179 4
180 7
181 1
182 53
183 40
184 35
185 33
186 109
187 111
188 0
189 55
190 4
191 3
192 22
193 45
194 12
195 89
196 3
197 0
198 71
199 69
200 58
201 74
202 8
203 62
204 19
205 44
206 58
207 24
208 41
209 0
210 150
211 34
212 12
213 7
214 6
215 4
216 1
217 41
218 24
219 24
220 31
221 107
222 86
223 0
224 45
225 3
226 5
227 22
228 39
229 6
230 95
231 2
232 0
233 31
234 57
235 49
236 67
237 4
238 46
239 11
240 37
241 50
242 19
243 100
244 0
245 125
246 19
247 7
248 5
249 4
250 4
251 2
252 24
253 14
254 32
255 16
256 74
257 79
258 0
259 23
260 6
261 1
262 65
263 20
264 5
265 29
266 2
267 0
268 34
269 36
270 23
271 34
272 7
273 23
274 5
275 20
276 59
277 21
278 12
279 0
280 77
281 12
282 7
283 3
284 7
285 4
286 2
287 1
288 6
289 6
290 3
291 3
292 10
293 9
294 0
295 8
296 3
297 2
298 1
299 14
300 5
301 5
302 1
303 0
304 21
305 4
306 5
307 10
308 2
309 4
310 4
311 4
312 7
313 3
314 4
315 0
316 16
317 7
318 10
319 3
320 3
321 3
322 9
323 25
324 4
325 5
326 14
327 35
328 12
329 0
330 15
331 4
332 1
333 14
334 11
335 5
336 12
337 1
338 0
339 28
340 21
341 16
342 12
343 2
344 20
345 2
346 17
347 9
348 10
349 4
350 0
351 26
352 4
353 13
354 2
355 1
356 2
357 1
358 26
359 12
360 8
361 22
362 47
363 20
364 0
365 12
366 1
367 5
368 17
369 10
370 5
371 11
372 2
373 0
374 9
375 17
376 15
377 13
378 2
379 21
380 2
381 13
382 30
383 16
384 5
385 0
386 46
387 5
388 16
389 2
390 9
391 2
392 47
393 5
394 28
395 3
396 1
397 25
398 3
399 11
400 26
401 14
402 6
403 0
404 24
405 1
406 1
407 10
408 9
409 5
410 10
411 2
412 0
413 7
414 25
415 12
416 10
417 1
418 28
419 2
420 20
421 9
422 9
423 6
424 0
425 13
426 2
427 7
428 1
429 1
430 2
431 1
432 24
433 4
434 1
435 14
436 17
437 4
438 0
439 22
440 2
441 1
442 8
443 7
444 4
445 8
446 1
447 0
448 15
449 22
450 10
451 18
452 1
453 25
454 2
455 17
456 7
457 4
458 4
459 0
460 19
461 2
462 4
463 2
464 1
465 5
466 1
467 27
468 14
469 31
470 50
471 41
472 7
473 0
474 27
475 2
476 1
477 17
478 16
479 8
480 20
481 2
482 0
483 31
484 22
485 22
486 26
487 1
488 26
489 3
490 25
491 10
492 15
493 18
494 0
495 35
496 3
497 12
498 1
499 1
500 2
501 2
502 36
503 2
504 24
505 28
506 38
507 9
508 0
509 39
510 2
511 1
512 24
513 13
514 7
515 22
516 3
517 0
518 12
519 41
520 21
521 11
522 2
523 37
524 2
525 41
526 14
527 14
528 8
529 0
530 15
531 3
532 7
533 1
534 1
535 3
536 5
537 26
538 10
539 33
540 30
541 86
542 75
543 0
544 28
545 5
546 2
547 11
548 37
549 12
550 104
551 3
552 0
553 44
554 26
555 60
556 40
557 2
558 26
559 18
560 22
561 31
562 9
563 20
564 0
565 91
566 3
567 13
568 3
569 2
570 6
571 5
572 39
573 16
574 28
575 21
576 75
577 58
578 0
579 35
580 6
581 4
582 24
583 32
584 9
585 23
586 3
587 0
588 24
589 38
590 34
591 47
592 6
593 40
594 4
595 29
596 34
597 21
598 39
599 0
600 97
601 8
602 18
603 3
604 3
605 6
606 2
607 34
608 23
609 20
610 24
611 95
612 58
613 0
614 31
615 6
616 3
617 11
618 35
619 7
620 79
621 3
622 0
623 53
624 39
625 44
626 48
627 1
628 38
629 13
630 24
631 44
632 12
633 115
634 0
635 116
636 3
637 9
638 3
639 2
640 1
641 19
642 6
643 1
644 65
645 42
646 34
647 49
648 133
649 127
650 0
651 64
652 8
653 9
654 12
655 62
656 15
657 134
658 4
659 0
660 99
661 87
662 80
663 102
664 7
665 68
666 25
667 54
668 54
669 25
670 20
671 0
672 188
673 51
674 25
675 10
676 4
677 14
