0 4
1 7
2 57
3 32
4 32
5 29
6 115
7 63
8 0
9 43
10 3
11 6
12 14
13 56
14 32
15 75
16 2
17 0
18 88
19 114
20 54
21 85
22 30
23 63
24 21
25 38
26 39
27 84
28 17
29 0
30 96
31 73
32 21
33 5
34 18
35 4
36 2
37 32
38 21
39 36
40 32
41 93
42 46
43 0
44 25
45 3
46 4
47 11
48 20
49 13
50 67
51 1
52 0
53 58
54 26
55 48
56 27
57 2
58 29
59 9
60 25
61 28
62 13
63 9
64 0
65 71
66 3
67 14
68 5
69 4
70 7
71 3
72 65
73 40
74 28
75 49
76 134
77 91
78 0
79 50
80 6
81 5
82 15
83 45
84 24
85 106
86 2
87 0
88 83
89 68
90 47
91 97
92 8
93 63
94 23
95 59
96 74
97 26
98 33
99 0
100 159
101 22
102 17
103 6
104 12
105 3
106 1
107 46
108 12
109 9
110 25
111 33
112 8
113 0
114 45
115 3
116 4
117 20
118 19
119 4
120 18
121 3
122 0
123 29
124 39
125 34
126 33
127 1
128 46
129 1
130 38
131 18
132 12
133 19
134 0
135 43
136 3
137 13
138 1
139 1
140 17
141 166
142 4
143 6
144 2
145 3
146 49
147 2
148 5
149 4
150 22
151 18
152 0
153 39
154 5
155 3
156 1
157 10
158 6
159 14
160 1
161 0
162 8
163 41
164 7
165 16
166 2
167 56
168 3
169 33
170 13
171 15
172 4
173 0
174 32
175 6
176 4
177 2
178 6
179 7
180 11
181 1
182 57
183 39
184 36
185 37
186 98
187 108
188 0
189 58
190 9
191 4
192 20
193 58
194 17
195 96
196 2
197 0
198 67
199 67
200 82
201 78
202 13
203 61
204 23
205 49
206 66
207 26
208 40
209 0
210 128
211 28
212 11
213 14
214 17
215 5
216 1
217 43
218 23
219 22
220 41
221 91
222 84
223 0
224 44
225 5
226 4
227 19
228 40
229 9
230 100
231 3
232 0
233 7
234 55
235 50
236 69
237 5
238 43
239 12
240 42
241 51
242 26
243 108
244 0
245 149
246 14
247 7
248 6
249 6
250 4
251 2
252 19
253 19
254 21
255 19
256 69
257 85
258 0
259 22
260 4
261 1
262 34
263 18
264 6
265 28
266 1
267 0
268 42
269 27
270 22
271 34
272 4
273 24
274 5
275 19
276 61
277 17
278 9
279 0
280 78
281 9
282 5
283 2
284 8
285 4
286 3
287 1
288 8
289 15
290 3
291 3
292 14
293 29
294 0
295 4
296 1
297 2
298 3
299 12
300 8
301 8
302 2
303 0
304 9
305 5
306 4
307 20
308 3
309 6
310 3
311 3
312 16
313 2
314 4
315 0
316 34
317 6
318 8
319 2
320 3
321 3
322 13
323 14
324 8
325 9
326 20
327 46
328 22
329 0
330 19
331 3
332 1
333 14
334 16
335 3
336 10
337 2
338 0
339 29
340 19
341 14
342 14
343 2
344 24
345 1
346 14
347 6
348 7
349 4
350 0
351 28
352 4
353 10
354 2
355 1
356 2
357 2
358 13
359 15
360 9
361 22
362 46
363 44
364 0
365 16
366 1
367 6
368 12
369 11
370 3
371 8
372 2
373 0
374 9
375 17
376 18
377 11
378 2
379 16
380 3
381 6
382 24
383 27
384 5
385 0
386 49
387 4
388 10
389 2
390 10
391 5
392 49
393 6
394 26
395 3
396 1
397 8
398 4
399 2
400 11
401 17
402 3
403 0
404 9
405 1
406 1
407 4
408 2
409 2
410 6
411 2
412 0
413 5
414 9
415 7
416 9
417 2
418 10
419 2
420 8
421 4
422 4
423 5
424 0
425 7
426 1
427 6
428 1
429 1
430 1
431 1
432 26
433 5
434 2
435 10
436 18
437 4
438 0
439 20
440 2
441 1
442 10
443 8
444 3
445 6
446 1
447 0
448 8
449 20
450 9
451 17
452 1
453 24
454 2
455 18
456 7
457 4
458 4
459 0
460 18
461 2
462 5
463 2
464 1
465 4
466 1
467 25
468 13
469 28
470 42
471 37
472 8
473 0
474 29
475 1
476 1
477 19
478 15
479 8
480 18
481 3
482 0
483 30
484 21
485 22
486 27
487 1
488 25
489 3
490 25
491 12
492 14
493 17
494 0
495 34
496 4
497 12
498 1
499 1
500 4
501 1
502 29
503 14
504 26
505 30
506 46
507 11
508 0
509 38
510 3
511 1
512 19
513 15
514 7
515 20
516 2
517 0
518 29
519 43
520 29
521 33
522 1
523 42
524 2
525 43
526 15
527 14
528 27
529 0
530 53
531 3
532 10
533 1
534 1
535 3
536 4
537 20
538 10
539 21
540 25
541 53
542 77
543 0
544 28
545 5
546 3
547 15
548 35
549 9
550 102
551 2
552 0
553 50
554 23
555 43
556 43
557 2
558 25
559 11
560 24
561 38
562 12
563 14
564 0
565 97
566 4
567 8
568 1
569 2
570 6
571 5
572 41
573 17
574 21
575 20
576 79
577 59
578 0
579 35
580 5
581 4
582 26
583 32
584 8
585 20
586 2
587 0
588 1
589 38
590 34
591 45
592 8
593 33
594 3
595 29
596 33
597 25
598 47
599 0
600 95
601 8
602 17
603 3
604 3
605 9
606 2
607 31
608 23
609 17
610 18
611 73
612 74
613 0
614 26
615 6
616 2
617 9
618 32
619 5
620 86
621 3
622 0
623 56
624 38
625 45
626 60
627 2
628 42
629 13
630 22
631 44
632 12
633 93
634 0
635 141
636 3
637 7
638 2
639 2
640 1
641 49
642 8
643 2
644 64
645 42
646 34
647 47
648 123
649 129
650 0
651 65
652 7
653 6
654 12
655 61
656 28
657 134
658 5
659 0
660 99
661 87
662 80
663 100
664 9
665 70
666 23
667 58
668 93
669 29
670 37
671 0
672 182
673 60
674 23
675 17
676 8
677 17
