0 8
1 6
2 57
3 29
4 27
5 30
6 112
7 79
8 0
9 78
10 5
11 5
12 17
13 46
14 38
15 76
16 2
17 0
18 65
19 109
20 56
21 54
22 18
23 75
24 21
25 52
26 63
27 118
28 31
29 0
30 122
31 55
32 34
33 5
34 25
35 4
36 2
37 30
38 21
39 40
40 34
41 100
42 50
43 0
44 23
45 3
46 4
47 9
48 23
49 9
50 61
51 2
52 0
53 58
54 27
55 45
56 30
57 2
58 33
59 11
60 23
61 30
62 13
63 29
64 0
65 74
66 2
67 11
68 4
69 3
70 7
71 2
72 50
73 42
74 27
75 53
76 129
77 99
78 0
79 54
80 4
81 3
82 11
83 53
84 15
85 89
86 2
87 0
88 87
89 69
90 49
91 77
92 4
93 57
94 17
95 43
96 54
97 20
98 25
99 0
100 157
101 35
102 13
103 3
104 5
105 1
106 1
107 43
108 5
109 9
110 24
111 32
112 6
113 0
114 42
115 3
116 3
117 21
118 13
119 6
120 19
121 2
122 0
123 11
124 37
125 20
126 18
127 1
128 43
129 2
130 37
131 14
132 11
133 6
134 0
135 29
136 2
137 7
138 1
139 1
140 15
141 156
142 3
143 4
144 2
145 1
146 48
147 2
148 4
149 3
150 19
151 29
152 0
153 39
154 3
155 3
156 1
157 9
158 8
159 14
160 1
161 0
162 8
163 56
164 11
165 14
166 2
167 52
168 3
169 27
170 19
171 19
172 3
173 0
174 29
175 5
176 5
177 2
178 3
179 3
180 7
181 1
182 53
183 40
184 33
185 34
186 107
187 108
188 0
189 58
190 3
191 4
192 22
193 46
194 14
195 90
196 3
197 0
198 72
199 70
200 59
201 76
202 6
203 60
204 18
205 46
206 56
207 22
208 41
209 0
210 151
211 37
212 12
213 6
214 5
215 4
216 1
217 38
218 25
219 23
220 34
221 107
222 85
223 0
224 41
225 4
226 5
227 22
228 34
229 7
230 97
231 2
232 0
233 20
234 59
235 47
236 65
237 3
238 47
239 12
240 36
241 49
242 20
243 96
244 0
245 102
246 25
247 7
248 6
249 2
250 4
251 1
252 23
253 15
254 27
255 15
256 67
257 73
258 0
259 20
260 5
261 2
262 63
263 24
264 5
265 30
266 1
267 0
268 38
269 31
270 30
271 33
272 7
273 26
274 5
275 18
276 63
277 26
278 17
279 0
280 78
281 14
282 9
283 2
284 7
285 4
286 2
287 1
288 3
289 10
290 3
291 3
292 7
293 18
294 0
295 7
296 2
297 2
298 2
299 9
300 6
301 4
302 1
303 0
304 22
305 2
306 7
307 9
308 2
309 3
310 3
311 6
312 10
313 4
314 4
315 0
316 20
317 9
318 11
319 3
320 4
321 3
322 7
323 25
324 9
325 10
326 16
327 31
328 20
329 0
330 16
331 3
332 1
333 14
334 14
335 5
336 11
337 1
338 0
339 27
340 27
341 21
342 10
343 2
344 17
345 2
346 8
347 15
348 9
349 4
350 0
351 27
352 4
353 13
354 2
355 1
356 2
357 1
358 25
359 12
360 10
361 26
362 50
363 17
364 0
365 18
366 2
367 5
368 16
369 10
370 4
371 9
372 2
373 0
374 10
375 21
376 17
377 13
378 3
379 14
380 2
381 11
382 33
383 12
384 5
385 0
386 47
387 5
388 14
389 2
390 10
391 2
392 47
393 5
394 24
395 3
396 1
397 28
398 4
399 14
400 26
401 18
402 6
403 0
404 22
405 2
406 1
407 10
408 9
409 5
410 13
411 2
412 0
413 7
414 21
415 13
416 11
417 2
418 23
419 2
420 28
421 11
422 8
423 4
424 0
425 15
426 1
427 7
428 1
429 1
430 1
431 1
432 24
433 5
434 1
435 14
436 16
437 4
438 0
439 22
440 2
441 1
442 8
443 8
444 3
445 9
446 1
447 0
448 14
449 23
450 11
451 18
452 1
453 25
454 2
455 19
456 8
457 4
458 5
459 0
460 19
461 2
462 5
463 2
464 1
465 4
466 1
467 25
468 14
469 29
470 47
471 38
472 8
473 0
474 27
475 2
476 1
477 19
478 16
479 8
480 19
481 3
482 0
483 30
484 22
485 19
486 27
487 1
488 25
489 3
490 24
491 9
492 14
493 18
494 0
495 35
496 3
497 12
498 1
499 1
500 3
501 2
502 34
503 2
504 23
505 30
506 39
507 9
508 0
509 39
510 3
511 1
512 24
513 11
514 7
515 22
516 3
517 0
518 14
519 43
520 22
521 12
522 1
523 35
524 2
525 43
526 15
527 11
528 6
529 0
530 23
531 3
532 6
533 1
534 1
535 3
536 7
537 26
538 11
539 30
540 27
541 93
542 73
543 0
544 26
545 5
546 2
547 14
548 35
549 10
550 102
551 3
552 0
553 44
554 24
555 57
556 43
557 3
558 27
559 16
560 23
561 34
562 9
563 19
564 0
565 87
566 3
567 11
568 4
569 2
570 6
571 4
572 39
573 17
574 24
575 22
576 78
577 62
578 0
579 32
580 6
581 3
582 24
583 33
584 7
585 22
586 3
587 0
588 24
589 37
590 38
591 46
592 5
593 41
594 3
595 30
596 33
597 19
598 42
599 0
600 95
601 8
602 17
603 2
604 3
605 5
606 2
607 33
608 23
609 24
610 31
611 90
612 58
613 0
614 32
615 6
616 3
617 11
618 34
619 6
620 79
621 4
622 0
623 55
624 38
625 49
626 39
627 1
628 36
629 13
630 20
631 44
632 12
633 144
634 0
635 114
636 4
637 8
638 3
639 2
640 1
641 24
642 5
643 2
644 62
645 43
646 34
647 50
648 133
649 127
650 0
651 67
652 8
653 9
654 14
655 62
656 16
657 139
658 3
659 0
660 94
661 86
662 79
663 94
664 8
665 66
666 26
667 56
668 58
669 27
670 24
671 0
672 185
673 56
674 26
675 7
676 4
677 12
