0 7
1 2
2 67
3 20
4 39
5 20
6 121
7 113
8 0
9 62
10 16
11 12
12 15
13 56
14 26
15 87
16 2
17 0
18 69
19 88
20 56
21 66
22 33
23 80
24 20
25 54
26 77
27 107
28 45
29 0
30 150
31 69
32 25
33 12
34 34
35 7
36 2
37 43
38 20
39 30
40 42
41 120
42 52
43 0
44 36
45 3
46 2
47 14
48 23
49 9
50 65
51 6
52 0
53 44
54 43
55 53
56 40
57 2
58 41
59 11
60 32
61 30
62 17
63 35
64 0
65 79
66 4
67 13
68 3
69 10
70 4
71 2
72 49
73 20
74 37
75 41
76 122
77 103
78 0
79 58
80 5
81 4
82 19
83 53
84 32
85 130
86 3
87 0
88 83
89 69
90 61
91 54
92 13
93 55
94 16
95 56
96 69
97 34
98 32
99 0
100 146
101 23
102 26
103 6
104 16
105 5
106 1
107 41
108 20
109 37
110 27
111 100
112 54
113 0
114 42
115 4
116 3
117 25
118 30
119 8
120 64
121 4
122 0
123 60
124 49
125 64
126 44
127 6
128 41
129 11
130 35
131 41
132 17
133 39
134 0
135 137
136 26
137 13
138 3
139 4
140 2
141 70
142 5
143 11
144 3
145 1
146 22
147 20
148 5
149 3
150 25
151 11
152 0
153 20
154 2
155 2
156 5
157 13
158 6
159 12
160 1
161 0
162 9
163 27
164 17
165 15
166 2
167 24
168 2
169 17
170 9
171 9
172 4
173 0
174 24
175 4
176 6
177 1
178 2
179 9
180 9
181 1
182 54
183 20
184 41
185 22
186 107
187 106
188 0
189 59
190 4
191 5
192 20
193 52
194 31
195 54
196 2
197 0
198 67
199 62
200 60
201 54
202 18
203 60
204 21
205 43
206 74
207 26
208 23
209 0
210 128
211 39
212 18
213 12
214 25
215 3
216 2
217 54
218 20
219 24
220 41
221 108
222 87
223 0
224 54
225 9
226 11
227 14
228 41
229 12
230 72
231 2
232 0
233 61
234 48
235 54
236 58
237 21
238 71
239 21
240 39
241 50
242 16
243 51
244 0
245 88
246 16
247 12
248 12
249 18
250 4
251 3
252 39
253 20
254 20
255 18
256 78
257 40
258 0
259 35
260 3
261 2
262 25
263 25
264 8
265 17
266 3
267 0
268 43
269 39
270 35
271 33
272 4
273 40
274 4
275 31
276 27
277 14
278 21
279 0
280 78
281 6
282 13
283 2
284 3
285 6
286 2
287 1
288 2
289 20
290 2
291 1
292 5
293 1
294 0
295 3
296 2
297 1
298 2
299 1
300 1
301 2
302 1
303 0
304 2
305 2
306 2
307 2
308 2
309 2
310 1
311 2
312 1
313 1
314 1
315 0
316 3
317 3
318 1
319 1
320 1
321 5
322 3
323 37
324 20
325 63
326 22
327 30
328 22
329 0
330 42
331 4
332 3
333 12
334 18
335 13
336 13
337 3
338 0
339 48
340 43
341 26
342 37
343 5
344 48
345 3
346 35
347 34
348 18
349 21
350 0
351 102
352 8
353 14
354 2
355 3
356 5
357 1
358 33
359 20
360 31
361 43
362 79
363 36
364 0
365 40
366 2
367 3
368 22
369 25
370 14
371 32
372 3
373 0
374 53
375 41
376 33
377 39
378 3
379 49
380 5
381 26
382 24
383 35
384 27
385 0
386 74
387 4
388 15
389 2
390 5
391 2
392 113
393 4
394 49
395 3
396 1
397 25
398 20
399 3
400 18
401 16
402 7
403 0
404 17
405 2
406 2
407 8
408 7
409 3
410 7
411 1
412 0
413 9
414 19
415 10
416 11
417 1
418 21
419 2
420 15
421 13
422 10
423 13
424 0
425 28
426 4
427 7
428 1
429 3
430 3
431 1
432 23
433 20
434 4
435 11
436 21
437 8
438 0
439 19
440 2
441 2
442 6
443 8
444 3
445 6
446 1
447 0
448 10
449 22
450 7
451 16
452 1
453 27
454 2
455 17
456 7
457 13
458 9
459 0
460 21
461 2
462 8
463 1
464 4
465 2
466 2
467 22
468 20
469 13
470 30
471 19
472 19
473 0
474 20
475 1
476 2
477 13
478 8
479 4
480 12
481 2
482 0
483 24
484 21
485 16
486 17
487 1
488 23
489 2
490 19
491 21
492 12
493 10
494 0
495 41
496 5
497 10
498 1
499 5
500 4
501 7
502 40
503 20
504 33
505 24
506 105
507 63
508 0
509 44
510 6
511 4
512 24
513 25
514 19
515 45
516 2
517 0
518 68
519 40
520 47
521 50
522 5
523 40
524 8
525 36
526 41
527 24
528 29
529 0
530 94
531 14
532 17
533 3
534 5
535 5
536 6
537 53
538 20
539 30
540 26
541 97
542 68
543 0
544 57
545 4
546 3
547 17
548 41
549 12
550 89
551 3
552 0
553 59
554 42
555 59
556 55
557 7
558 50
559 14
560 31
561 42
562 29
563 54
564 0
565 98
566 10
567 14
568 5
569 4
570 4
571 3
572 38
573 20
574 27
575 21
576 107
577 50
578 0
579 40
580 3
581 4
582 23
583 26
584 12
585 26
586 2
587 0
588 42
589 44
590 30
591 52
592 4
593 40
594 4
595 34
596 31
597 28
598 29
599 0
600 102
601 7
602 14
603 2
604 4
605 5
606 1
607 46
608 20
609 33
610 70
611 107
612 55
613 0
614 48
615 6
616 6
617 22
618 41
619 12
620 78
621 2
622 0
623 51
624 53
625 54
626 52
627 2
628 49
629 12
630 44
631 43
632 19
633 47
634 0
635 98
636 11
637 13
638 3
639 5
640 2
641 59
642 5
643 4
644 91
645 20
646 27
647 66
648 155
649 129
650 0
651 88
652 13
653 12
654 18
655 65
656 29
657 116
658 2
659 0
660 91
661 119
662 79
663 74
664 28
665 97
666 26
667 76
668 105
669 57
670 29
671 0
672 168
673 34
674 24
675 16
676 32
677 15
