0 7
1 1
2 66
3 28
4 26
5 37
6 101
7 103
8 0
9 61
10 8
11 12
12 15
13 49
14 41
15 68
16 2
17 0
18 81
19 106
20 61
21 79
22 18
23 66
24 23
25 47
26 58
27 163
28 40
29 0
30 124
31 71
32 25
33 7
34 30
35 3
36 1
37 27
38 20
39 26
40 43
41 108
42 54
43 0
44 27
45 2
46 3
47 12
48 25
49 8
50 75
51 2
52 0
53 58
54 25
55 45
56 39
57 3
58 28
59 11
60 29
61 28
62 12
63 14
64 0
65 86
66 2
67 13
68 2
69 3
70 9
71 2
72 58
73 40
74 23
75 44
76 124
77 94
78 0
79 68
80 5
81 3
82 19
83 47
84 21
85 127
86 2
87 0
88 85
89 82
90 75
91 88
92 11
93 68
94 20
95 55
96 77
97 28
98 49
99 0
100 170
101 19
102 19
103 4
104 11
105 5
106 1
107 57
108 16
109 32
110 20
111 37
112 25
113 0
114 56
115 5
116 3
117 22
118 25
119 7
120 58
121 2
122 0
123 47
124 52
125 43
126 44
127 1
128 58
129 6
130 55
131 30
132 18
133 39
134 0
135 68
136 5
137 12
138 2
139 1
140 8
141 124
142 3
143 5
144 1
145 1
146 30
147 1
148 2
149 3
150 15
151 16
152 0
153 27
154 2
155 1
156 1
157 9
158 3
159 12
160 1
161 0
162 6
163 33
164 9
165 12
166 1
167 31
168 3
169 21
170 17
171 14
172 2
173 0
174 19
175 3
176 4
177 1
178 1
179 7
180 8
181 1
182 53
183 34
184 29
185 31
186 117
187 94
188 0
189 53
190 6
191 4
192 24
193 39
194 15
195 78
196 2
197 0
198 68
199 57
200 60
201 67
202 11
203 55
204 18
205 44
206 68
207 28
208 33
209 0
210 141
211 31
212 12
213 8
214 14
215 3
216 2
217 41
218 26
219 27
220 29
221 116
222 83
223 0
224 42
225 9
226 12
227 26
228 32
229 9
230 101
231 2
232 0
233 39
234 48
235 50
236 50
237 21
238 44
239 14
240 40
241 51
242 49
243 86
244 0
245 103
246 21
247 9
248 6
249 45
250 2
251 2
252 30
253 18
254 27
255 17
256 61
257 65
258 0
259 33
260 3
261 2
262 45
263 21
264 5
265 23
266 1
267 0
268 32
269 34
270 27
271 34
272 5
273 34
274 4
275 24
276 37
277 21
278 15
279 0
280 72
281 12
282 8
283 1
284 4
285 5
286 1
287 1
288 2
289 2
290 1
291 1
292 4
293 2
294 0
295 2
296 1
297 1
298 1
299 1
300 1
301 2
302 1
303 0
304 2
305 2
306 2
307 2
308 2
309 1
310 1
311 1
312 2
313 1
314 1
315 0
316 3
317 2
318 1
319 1
320 2
321 3
322 1
323 37
324 16
325 20
326 16
327 72
328 23
329 0
330 40
331 3
332 2
333 23
334 21
335 7
336 18
337 2
338 0
339 35
340 41
341 32
342 38
343 3
344 40
345 2
346 35
347 26
348 14
349 26
350 0
351 54
352 5
353 10
354 1
355 2
356 3
357 2
358 35
359 18
360 24
361 39
362 102
363 48
364 0
365 39
366 4
367 5
368 29
369 26
370 8
371 14
372 1
373 0
374 33
375 38
376 26
377 41
378 3
379 37
380 8
381 30
382 33
383 25
384 22
385 0
386 98
387 9
388 17
389 3
390 7
391 2
392 68
393 5
394 10
395 1
396 1
397 24
398 7
399 4
400 12
401 14
402 5
403 0
404 18
405 2
406 2
407 10
408 11
409 4
410 7
411 1
412 0
413 9
414 20
415 11
416 17
417 2
418 25
419 1
420 12
421 6
422 7
423 5
424 0
425 25
426 3
427 7
428 1
429 1
430 1
431 1
432 24
433 6
434 4
435 13
436 19
437 4
438 0
439 21
440 2
441 2
442 8
443 10
444 6
445 8
446 1
447 0
448 10
449 24
450 14
451 20
452 1
453 24
454 1
455 17
456 10
457 6
458 10
459 0
460 20
461 3
462 6
463 2
464 1
465 3
466 1
467 33
468 14
469 13
470 42
471 31
472 10
473 0
474 32
475 2
476 2
477 14
478 14
479 5
480 19
481 2
482 0
483 21
484 25
485 32
486 24
487 1
488 32
489 2
490 24
491 16
492 9
493 24
494 0
495 27
496 3
497 12
498 1
499 1
500 4
501 5
502 55
503 16
504 33
505 34
506 37
507 28
508 0
509 59
510 6
511 2
512 19
513 23
514 9
515 47
516 3
517 0
518 43
519 52
520 53
521 41
522 2
523 53
524 6
525 53
526 22
527 12
528 24
529 0
530 49
531 5
532 16
533 1
534 1
535 4
536 7
537 39
538 13
539 30
540 27
541 73
542 59
543 0
544 34
545 4
546 3
547 16
548 38
549 9
550 100
551 3
552 0
553 48
554 36
555 63
556 44
557 2
558 36
559 13
560 30
561 33
562 15
563 26
564 0
565 88
566 3
567 12
568 2
569 2
570 4
571 1
572 41
573 17
574 23
575 21
576 83
577 55
578 0
579 39
580 4
581 2
582 24
583 32
584 8
585 22
586 2
587 0
588 41
589 41
590 33
591 45
592 2
593 43
594 7
595 32
596 33
597 18
598 42
599 0
600 94
601 6
602 16
603 2
604 2
605 7
606 2
607 43
608 28
609 29
610 36
611 109
612 86
613 0
614 44
615 3
616 3
617 14
618 40
619 11
620 86
621 5
622 0
623 62
624 47
625 67
626 48
627 5
628 47
629 11
630 39
631 46
632 13
633 29
634 0
635 109
636 5
637 13
638 3
639 2
640 2
641 12
642 8
643 1
644 76
645 44
646 35
647 55
648 142
649 123
650 0
651 79
652 8
653 13
654 17
655 64
656 37
657 130
658 2
659 0
660 102
661 130
662 76
663 101
664 15
665 83
666 23
667 69
668 80
669 50
670 36
671 0
672 185
673 67
674 30
675 12
676 13
677 28
