0 7
1 4
2 40
3 35
4 26
5 28
6 119
7 92
8 0
9 62
10 5
11 5
12 13
13 50
14 39
15 76
16 2
17 0
18 75
19 77
20 60
21 66
22 23
23 63
24 19
25 42
26 38
27 117
28 40
29 0
30 92
31 68
32 22
33 6
34 34
35 3
36 2
37 33
38 21
39 31
40 31
41 102
42 48
43 0
44 25
45 6
46 4
47 13
48 20
49 9
50 75
51 2
52 0
53 57
54 28
55 35
56 27
57 3
58 31
59 11
60 25
61 29
62 12
63 56
64 0
65 71
66 3
67 13
68 3
69 4
70 8
71 3
72 58
73 42
74 33
75 45
76 138
77 91
78 0
79 56
80 6
81 6
82 17
83 57
84 23
85 121
86 2
87 0
88 87
89 67
90 46
91 104
92 7
93 59
94 18
95 53
96 69
97 27
98 29
99 0
100 143
101 23
102 17
103 6
104 13
105 3
106 1
107 48
108 12
109 12
110 29
111 34
112 6
113 0
114 40
115 4
116 2
117 19
118 17
119 7
120 14
121 3
122 0
123 29
124 38
125 33
126 33
127 2
128 42
129 2
130 40
131 19
132 14
133 19
134 0
135 43
136 3
137 12
138 1
139 1
140 26
141 169
142 1
143 5
144 2
145 2
146 49
147 2
148 4
149 4
150 20
151 19
152 0
153 30
154 3
155 3
156 1
157 10
158 6
159 15
160 1
161 0
162 7
163 53
164 11
165 16
166 2
167 57
168 4
169 31
170 19
171 17
172 3
173 0
174 27
175 8
176 6
177 1
178 4
179 7
180 8
181 2
182 54
183 37
184 32
185 32
186 95
187 98
188 0
189 54
190 10
191 5
192 24
193 54
194 18
195 98
196 1
197 0
198 63
199 68
200 69
201 72
202 9
203 63
204 21
205 46
206 70
207 27
208 39
209 0
210 162
211 30
212 11
213 13
214 19
215 5
216 1
217 38
218 23
219 23
220 36
221 94
222 86
223 0
224 45
225 5
226 3
227 19
228 39
229 10
230 105
231 2
232 0
233 38
234 56
235 44
236 70
237 6
238 47
239 12
240 41
241 50
242 27
243 94
244 0
245 136
246 13
247 7
248 7
249 6
250 4
251 1
252 20
253 19
254 20
255 18
256 58
257 97
258 0
259 16
260 3
261 1
262 32
263 22
264 3
265 31
266 1
267 0
268 31
269 29
270 27
271 28
272 5
273 23
274 6
275 13
276 53
277 22
278 10
279 0
280 69
281 11
282 8
283 2
284 7
285 4
286 1
287 1
288 11
289 12
290 2
291 2
292 7
293 15
294 0
295 3
296 1
297 2
298 3
299 19
300 9
301 10
302 2
303 0
304 21
305 13
306 5
307 26
308 2
309 6
310 2
311 5
312 19
313 4
314 3
315 0
316 20
317 9
318 8
319 2
320 2
321 4
322 56
323 14
324 9
325 7
326 13
327 29
328 22
329 0
330 20
331 4
332 1
333 16
334 10
335 4
336 9
337 2
338 0
339 30
340 16
341 19
342 18
343 2
344 24
345 2
346 11
347 6
348 2
349 3
350 0
351 38
352 5
353 12
354 2
355 2
356 2
357 2
358 16
359 17
360 9
361 17
362 59
363 31
364 0
365 12
366 1
367 5
368 15
369 13
370 4
371 7
372 2
373 0
374 15
375 13
376 18
377 6
378 1
379 17
380 2
381 13
382 18
383 28
384 5
385 0
386 69
387 4
388 8
389 2
390 7
391 10
392 44
393 4
394 24
395 3
396 2
397 9
398 4
399 1
400 15
401 17
402 3
403 0
404 10
405 1
406 1
407 5
408 2
409 2
410 6
411 4
412 0
413 4
414 10
415 8
416 9
417 1
418 8
419 2
420 8
421 3
422 4
423 5
424 0
425 10
426 1
427 6
428 1
429 1
430 1
431 2
432 28
433 5
434 1
435 13
436 16
437 4
438 0
439 22
440 1
441 1
442 9
443 6
444 4
445 8
446 1
447 0
448 8
449 22
450 11
451 19
452 1
453 24
454 1
455 19
456 7
457 4
458 4
459 0
460 18
461 2
462 6
463 3
464 1
465 4
466 2
467 24
468 14
469 26
470 40
471 43
472 7
473 0
474 30
475 2
476 1
477 18
478 17
479 8
480 20
481 4
482 0
483 31
484 22
485 22
486 28
487 2
488 25
489 2
490 25
491 9
492 14
493 17
494 0
495 30
496 4
497 12
498 1
499 1
500 4
501 2
502 35
503 13
504 29
505 33
506 46
507 11
508 0
509 40
510 2
511 1
512 24
513 17
514 7
515 25
516 4
517 0
518 29
519 37
520 28
521 33
522 2
523 34
524 2
525 41
526 20
527 15
528 29
529 0
530 50
531 3
532 12
533 2
534 1
535 3
536 4
537 27
538 11
539 30
540 22
541 57
542 61
543 0
544 25
545 4
546 2
547 13
548 35
549 9
550 82
551 3
552 0
553 36
554 26
555 53
556 34
557 3
558 26
559 18
560 23
561 35
562 12
563 13
564 0
565 83
566 3
567 11
568 2
569 2
570 6
571 4
572 37
573 17
574 25
575 18
576 75
577 61
578 0
579 31
580 7
581 5
582 27
583 32
584 9
585 22
586 2
587 0
588 18
589 35
590 34
591 44
592 7
593 43
594 4
595 29
596 32
597 21
598 53
599 0
600 93
601 8
602 17
603 3
604 3
605 3
606 2
607 38
608 27
609 17
610 21
611 83
612 75
613 0
614 30
615 6
616 2
617 11
618 30
619 7
620 84
621 2
622 0
623 52
624 31
625 50
626 57
627 2
628 37
629 13
630 19
631 47
632 11
633 67
634 0
635 125
636 3
637 9
638 3
639 2
640 2
641 76
642 8
643 2
644 67
645 42
646 35
647 49
648 120
649 136
650 0
651 67
652 6
653 8
654 13
655 63
656 30
657 139
658 5
659 0
660 93
661 82
662 75
663 95
664 7
665 69
666 27
667 51
668 92
669 32
670 26
671 0
672 182
673 56
674 25
675 16
676 12
677 14
