0 7
1 1
2 54
3 34
4 30
5 38
6 108
7 105
8 0
9 54
10 9
11 13
12 15
13 54
14 45
15 70
16 2
17 0
18 80
19 81
20 64
21 84
22 21
23 66
24 24
25 49
26 51
27 150
28 69
29 0
30 133
31 67
32 24
33 6
34 39
35 3
36 1
37 35
38 20
39 25
40 45
41 115
42 59
43 0
44 33
45 3
46 3
47 11
48 25
49 8
50 69
51 2
52 0
53 59
54 32
55 47
56 36
57 3
58 29
59 11
60 30
61 27
62 11
63 20
64 0
65 83
66 2
67 14
68 2
69 3
70 9
71 1
72 59
73 36
74 24
75 44
76 122
77 92
78 0
79 56
80 9
81 4
82 21
83 49
84 21
85 111
86 3
87 0
88 78
89 66
90 74
91 90
92 11
93 60
94 18
95 52
96 74
97 27
98 43
99 0
100 171
101 21
102 20
103 5
104 18
105 4
106 1
107 50
108 17
109 31
110 23
111 34
112 26
113 0
114 59
115 5
116 3
117 21
118 24
119 8
120 42
121 2
122 0
123 48
124 57
125 54
126 48
127 1
128 57
129 6
130 56
131 29
132 18
133 37
134 0
135 69
136 6
137 12
138 2
139 2
140 8
141 95
142 3
143 5
144 1
145 1
146 31
147 2
148 2
149 3
150 13
151 14
152 0
153 27
154 2
155 1
156 1
157 9
158 2
159 10
160 1
161 0
162 5
163 34
164 8
165 13
166 1
167 33
168 3
169 26
170 17
171 15
172 1
173 0
174 18
175 4
176 5
177 1
178 1
179 9
180 8
181 2
182 52
183 39
184 28
185 30
186 126
187 89
188 0
189 51
190 8
191 4
192 25
193 38
194 15
195 82
196 3
197 0
198 66
199 60
200 59
201 68
202 12
203 55
204 19
205 48
206 70
207 39
208 35
209 0
210 144
211 30
212 15
213 9
214 18
215 3
216 1
217 42
218 25
219 25
220 31
221 116
222 79
223 0
224 38
225 8
226 13
227 23
228 32
229 9
230 103
231 3
232 0
233 32
234 46
235 49
236 61
237 16
238 45
239 14
240 44
241 50
242 50
243 71
244 0
245 112
246 20
247 8
248 6
249 44
250 2
251 2
252 28
253 16
254 24
255 15
256 74
257 52
258 0
259 26
260 2
261 3
262 55
263 24
264 5
265 15
266 1
267 0
268 30
269 36
270 24
271 35
272 6
273 33
274 5
275 21
276 43
277 20
278 15
279 0
280 66
281 11
282 10
283 2
284 5
285 5
286 1
287 2
288 2
289 3
290 2
291 1
292 4
293 2
294 0
295 2
296 1
297 1
298 1
299 1
300 1
301 2
302 1
303 0
304 2
305 1
306 2
307 2
308 2
309 2
310 1
311 2
312 1
313 1
314 3
315 0
316 3
317 2
318 1
319 2
320 2
321 3
322 2
323 48
324 16
325 19
326 18
327 60
328 26
329 0
330 40
331 3
332 2
333 22
334 21
335 8
336 13
337 2
338 0
339 38
340 47
341 37
342 37
343 3
344 42
345 3
346 41
347 25
348 15
349 45
350 0
351 65
352 5
353 13
354 1
355 2
356 3
357 3
358 29
359 18
360 25
361 42
362 97
363 37
364 0
365 35
366 4
367 8
368 27
369 25
370 7
371 16
372 1
373 0
374 36
375 34
376 24
377 39
378 4
379 39
380 9
381 33
382 28
383 21
384 35
385 0
386 96
387 9
388 14
389 3
390 7
391 2
392 57
393 5
394 7
395 2
396 1
397 22
398 4
399 4
400 17
401 15
402 4
403 0
404 12
405 2
406 2
407 8
408 13
409 4
410 6
411 2
412 0
413 9
414 20
415 10
416 19
417 1
418 23
419 1
420 16
421 7
422 6
423 6
424 0
425 25
426 3
427 6
428 1
429 1
430 1
431 1
432 24
433 6
434 6
435 15
436 17
437 4
438 0
439 22
440 2
441 2
442 6
443 12
444 5
445 8
446 1
447 0
448 14
449 22
450 14
451 23
452 1
453 25
454 2
455 20
456 10
457 6
458 9
459 0
460 21
461 3
462 7
463 2
464 1
465 3
466 1
467 27
468 13
469 14
470 42
471 26
472 11
473 0
474 28
475 2
476 1
477 12
478 13
479 6
480 13
481 2
482 0
483 20
484 18
485 22
486 23
487 1
488 22
489 2
490 24
491 14
492 11
493 39
494 0
495 32
496 3
497 10
498 1
499 1
500 4
501 4
502 47
503 15
504 35
505 36
506 39
507 28
508 0
509 57
510 6
511 1
512 24
513 22
514 9
515 36
516 4
517 0
518 49
519 53
520 60
521 45
522 2
523 55
524 6
525 54
526 23
527 12
528 31
529 0
530 61
531 4
532 16
533 2
534 2
535 4
536 5
537 34
538 13
539 28
540 27
541 72
542 62
543 0
544 33
545 5
546 4
547 15
548 40
549 9
550 91
551 3
552 0
553 45
554 35
555 62
556 41
557 2
558 35
559 13
560 30
561 31
562 16
563 31
564 0
565 89
566 3
567 12
568 3
569 2
570 5
571 1
572 43
573 17
574 23
575 21
576 83
577 56
578 0
579 40
580 4
581 4
582 23
583 31
584 7
585 21
586 2
587 0
588 26
589 43
590 37
591 49
592 6
593 41
594 6
595 33
596 28
597 18
598 37
599 0
600 91
601 8
602 18
603 2
604 3
605 5
606 2
607 45
608 26
609 27
610 36
611 118
612 86
613 0
614 39
615 4
616 3
617 16
618 38
619 10
620 93
621 5
622 0
623 63
624 48
625 64
626 47
627 3
628 46
629 11
630 40
631 41
632 14
633 36
634 0
635 108
636 8
637 12
638 4
639 3
640 2
641 14
642 8
643 3
644 79
645 45
646 36
647 49
648 139
649 135
650 0
651 74
652 10
653 17
654 16
655 63
656 33
657 136
658 4
659 0
660 108
661 100
662 79
663 94
664 16
665 78
666 24
667 71
668 85
669 54
670 43
671 0
672 190
673 60
674 33
675 16
676 10
677 30
