0 8
1 2
2 53
3 30
4 34
5 36
6 115
7 109
8 0
9 57
10 8
11 19
12 17
13 53
14 44
15 72
16 3
17 0
18 81
19 88
20 62
21 80
22 20
23 67
24 26
25 46
26 47
27 151
28 78
29 0
30 101
31 68
32 26
33 5
34 32
35 3
36 2
37 29
38 21
39 31
40 46
41 111
42 55
43 0
44 26
45 4
46 3
47 14
48 25
49 8
50 66
51 2
52 0
53 58
54 27
55 45
56 32
57 4
58 25
59 11
60 28
61 25
62 11
63 17
64 0
65 82
66 2
67 13
68 3
69 3
70 9
71 1
72 55
73 35
74 25
75 40
76 127
77 100
78 0
79 63
80 6
81 4
82 23
83 55
84 23
85 113
86 3
87 0
88 80
89 87
90 79
91 85
92 11
93 69
94 19
95 49
96 78
97 26
98 56
99 0
100 166
101 18
102 18
103 5
104 13
105 4
106 1
107 59
108 14
109 32
110 21
111 36
112 32
113 0
114 61
115 5
116 2
117 23
118 24
119 8
120 45
121 3
122 0
123 53
124 55
125 49
126 46
127 1
128 60
129 8
130 50
131 29
132 18
133 30
134 0
135 71
136 6
137 13
138 2
139 2
140 10
141 123
142 4
143 7
144 2
145 1
146 31
147 2
148 2
149 3
150 14
151 14
152 0
153 28
154 2
155 1
156 1
157 9
158 2
159 10
160 1
161 0
162 7
163 34
164 11
165 12
166 1
167 32
168 3
169 22
170 17
171 13
172 2
173 0
174 19
175 4
176 5
177 1
178 1
179 8
180 7
181 2
182 53
183 35
184 33
185 32
186 119
187 94
188 0
189 51
190 6
191 3
192 25
193 42
194 14
195 89
196 3
197 0
198 67
199 67
200 60
201 68
202 10
203 60
204 17
205 45
206 69
207 31
208 32
209 0
210 138
211 30
212 14
213 9
214 16
215 3
216 1
217 46
218 24
219 27
220 31
221 119
222 82
223 0
224 39
225 10
226 12
227 23
228 32
229 11
230 101
231 2
232 0
233 38
234 48
235 51
236 56
237 19
238 44
239 12
240 38
241 53
242 47
243 52
244 0
245 112
246 20
247 8
248 7
249 23
250 3
251 2
252 32
253 18
254 28
255 19
256 62
257 55
258 0
259 33
260 3
261 3
262 47
263 24
264 5
265 20
266 1
267 0
268 31
269 34
270 23
271 34
272 5
273 34
274 5
275 23
276 36
277 19
278 10
279 0
280 70
281 11
282 9
283 2
284 4
285 6
286 1
287 1
288 2
289 2
290 2
291 2
292 4
293 1
294 0
295 1
296 1
297 1
298 2
299 1
300 1
301 2
302 1
303 0
304 3
305 1
306 1
307 2
308 2
309 2
310 1
311 1
312 2
313 1
314 2
315 0
316 3
317 2
318 1
319 2
320 2
321 3
322 2
323 41
324 16
325 20
326 18
327 65
328 29
329 0
330 40
331 3
332 2
333 22
334 22
335 8
336 20
337 1
338 0
339 34
340 39
341 31
342 37
343 2
344 46
345 3
346 40
347 25
348 14
349 26
350 0
351 55
352 6
353 13
354 1
355 2
356 2
357 3
358 38
359 19
360 26
361 40
362 99
363 42
364 0
365 36
366 4
367 6
368 31
369 28
370 7
371 15
372 1
373 0
374 41
375 41
376 28
377 39
378 4
379 38
380 6
381 31
382 35
383 19
384 50
385 0
386 96
387 10
388 15
389 4
390 6
391 2
392 68
393 5
394 17
395 2
396 1
397 24
398 6
399 5
400 14
401 13
402 5
403 0
404 18
405 2
406 1
407 9
408 11
409 4
410 5
411 1
412 0
413 9
414 18
415 14
416 23
417 1
418 23
419 1
420 13
421 7
422 6
423 7
424 0
425 23
426 3
427 6
428 1
429 1
430 2
431 1
432 24
433 6
434 4
435 15
436 19
437 4
438 0
439 22
440 2
441 1
442 8
443 12
444 5
445 7
446 1
447 0
448 12
449 22
450 10
451 22
452 1
453 23
454 2
455 18
456 11
457 7
458 8
459 0
460 23
461 3
462 6
463 1
464 1
465 3
466 2
467 26
468 14
469 15
470 44
471 32
472 10
473 0
474 25
475 2
476 2
477 15
478 12
479 5
480 13
481 3
482 0
483 19
484 22
485 19
486 26
487 1
488 25
489 2
490 22
491 11
492 11
493 27
494 0
495 31
496 3
497 11
498 1
499 1
500 4
501 4
502 52
503 16
504 34
505 34
506 38
507 31
508 0
509 53
510 6
511 2
512 19
513 21
514 8
515 43
516 3
517 0
518 42
519 56
520 53
521 47
522 2
523 57
524 8
525 54
526 26
527 13
528 31
529 0
530 47
531 5
532 16
533 2
534 1
535 4
536 7
537 37
538 13
539 31
540 28
541 77
542 61
543 0
544 37
545 5
546 4
547 16
548 37
549 9
550 85
551 3
552 0
553 44
554 37
555 59
556 28
557 2
558 36
559 13
560 29
561 33
562 16
563 29
564 0
565 81
566 3
567 13
568 3
569 2
570 5
571 2
572 43
573 17
574 29
575 21
576 84
577 53
578 0
579 39
580 4
581 4
582 21
583 31
584 8
585 20
586 2
587 0
588 30
589 43
590 35
591 45
592 4
593 45
594 5
595 32
596 32
597 19
598 40
599 0
600 92
601 7
602 20
603 2
604 3
605 6
606 2
607 43
608 30
609 26
610 45
611 102
612 85
613 0
614 42
615 3
616 3
617 15
618 39
619 9
620 96
621 5
622 0
623 59
624 44
625 65
626 44
627 5
628 44
629 11
630 35
631 44
632 13
633 40
634 0
635 116
636 6
637 13
638 3
639 4
640 3
641 13
642 8
643 2
644 66
645 44
646 34
647 50
648 141
649 130
650 0
651 74
652 9
653 19
654 13
655 64
656 33
657 136
658 4
659 0
660 107
661 103
662 80
663 96
664 14
665 83
666 23
667 61
668 84
669 70
670 45
671 0
672 198
673 67
674 29
675 15
676 10
677 26
