0 7
1 1
2 50
3 27
4 29
5 38
6 129
7 106
8 0
9 69
10 8
11 14
12 17
13 49
14 46
15 62
16 3
17 0
18 82
19 96
20 62
21 82
22 21
23 77
24 28
25 43
26 49
27 153
28 62
29 0
30 126
31 68
32 24
33 4
34 34
35 3
36 2
37 33
38 21
39 25
40 43
41 111
42 63
43 0
44 33
45 3
46 3
47 11
48 23
49 8
50 77
51 2
52 0
53 61
54 30
55 46
56 36
57 3
58 36
59 12
60 29
61 28
62 13
63 16
64 0
65 81
66 2
67 13
68 2
69 3
70 9
71 1
72 56
73 36
74 24
75 41
76 125
77 96
78 0
79 54
80 6
81 3
82 26
83 49
84 21
85 118
86 2
87 0
88 80
89 75
90 79
91 90
92 11
93 56
94 18
95 51
96 78
97 29
98 57
99 0
100 169
101 18
102 18
103 5
104 13
105 5
106 1
107 53
108 17
109 34
110 20
111 39
112 26
113 0
114 57
115 5
116 3
117 23
118 26
119 8
120 46
121 3
122 0
123 48
124 53
125 49
126 45
127 1
128 55
129 7
130 56
131 27
132 19
133 35
134 0
135 69
136 5
137 13
138 2
139 2
140 8
141 147
142 5
143 4
144 1
145 1
146 34
147 2
148 2
149 4
150 14
151 13
152 0
153 29
154 2
155 1
156 1
157 9
158 2
159 10
160 1
161 0
162 7
163 34
164 7
165 12
166 1
167 34
168 3
169 21
170 15
171 14
172 2
173 0
174 17
175 4
176 4
177 1
178 1
179 8
180 8
181 2
182 56
183 36
184 31
185 31
186 120
187 93
188 0
189 52
190 7
191 4
192 23
193 40
194 14
195 82
196 2
197 0
198 67
199 60
200 53
201 69
202 11
203 53
204 17
205 46
206 68
207 33
208 39
209 0
210 143
211 30
212 13
213 8
214 16
215 4
216 1
217 38
218 24
219 27
220 34
221 115
222 77
223 0
224 40
225 7
226 14
227 25
228 36
229 11
230 102
231 2
232 0
233 35
234 47
235 47
236 56
237 18
238 43
239 13
240 37
241 55
242 36
243 79
244 0
245 112
246 18
247 8
248 6
249 32
250 3
251 2
252 29
253 16
254 27
255 16
256 77
257 51
258 0
259 28
260 3
261 3
262 54
263 24
264 4
265 18
266 1
267 0
268 27
269 33
270 27
271 34
272 5
273 33
274 5
275 21
276 39
277 17
278 12
279 0
280 70
281 12
282 9
283 2
284 3
285 8
286 1
287 1
288 1
289 3
290 2
291 1
292 4
293 2
294 0
295 2
296 1
297 1
298 2
299 1
300 1
301 2
302 1
303 0
304 2
305 2
306 1
307 1
308 2
309 2
310 1
311 1
312 1
313 1
314 3
315 0
316 3
317 2
318 1
319 2
320 2
321 3
322 2
323 46
324 15
325 20
326 20
327 59
328 27
329 0
330 43
331 3
332 2
333 21
334 22
335 8
336 14
337 2
338 0
339 35
340 41
341 40
342 37
343 2
344 47
345 3
346 40
347 26
348 15
349 37
350 0
351 62
352 6
353 11
354 2
355 2
356 2
357 3
358 35
359 19
360 26
361 39
362 97
363 36
364 0
365 34
366 4
367 7
368 27
369 26
370 6
371 17
372 1
373 0
374 37
375 37
376 26
377 42
378 4
379 31
380 7
381 31
382 33
383 17
384 47
385 0
386 95
387 8
388 15
389 3
390 6
391 1
392 84
393 4
394 39
395 1
396 1
397 23
398 5
399 6
400 17
401 15
402 4
403 0
404 18
405 2
406 2
407 9
408 11
409 4
410 5
411 2
412 0
413 10
414 19
415 11
416 20
417 1
418 23
419 1
420 14
421 7
422 7
423 6
424 0
425 21
426 3
427 7
428 1
429 1
430 1
431 1
432 22
433 7
434 4
435 14
436 18
437 4
438 0
439 22
440 2
441 2
442 6
443 11
444 5
445 7
446 1
447 0
448 13
449 24
450 13
451 20
452 1
453 23
454 2
455 20
456 9
457 6
458 8
459 0
460 22
461 3
462 5
463 1
464 1
465 5
466 1
467 25
468 14
469 15
470 47
471 27
472 9
473 0
474 31
475 2
476 1
477 13
478 14
479 6
480 14
481 2
482 0
483 19
484 19
485 21
486 23
487 1
488 22
489 2
490 23
491 12
492 10
493 28
494 0
495 31
496 3
497 9
498 1
499 1
500 5
501 3
502 55
503 13
504 34
505 35
506 37
507 27
508 0
509 61
510 6
511 2
512 20
513 25
514 10
515 35
516 4
517 0
518 38
519 53
520 59
521 46
522 2
523 54
524 6
525 55
526 23
527 11
528 31
529 0
530 71
531 6
532 14
533 2
534 2
535 4
536 5
537 42
538 10
539 27
540 27
541 83
542 65
543 0
544 34
545 4
546 3
547 13
548 38
549 9
550 82
551 3
552 0
553 40
554 30
555 60
556 47
557 2
558 35
559 12
560 29
561 29
562 14
563 31
564 0
565 89
566 2
567 11
568 3
569 2
570 5
571 2
572 42
573 18
574 25
575 22
576 82
577 55
578 0
579 37
580 4
581 3
582 23
583 30
584 8
585 21
586 2
587 0
588 34
589 40
590 33
591 46
592 4
593 47
594 6
595 34
596 31
597 17
598 36
599 0
600 92
601 7
602 18
603 2
604 2
605 5
606 2
607 41
608 29
609 28
610 38
611 112
612 90
613 0
614 43
615 4
616 4
617 14
618 36
619 10
620 99
621 6
622 0
623 52
624 45
625 62
626 46
627 5
628 42
629 11
630 37
631 43
632 13
633 39
634 0
635 115
636 7
637 14
638 4
639 3
640 2
641 12
642 8
643 3
644 75
645 44
646 34
647 49
648 142
649 132
650 0
651 79
652 11
653 19
654 18
655 63
656 31
657 133
658 3
659 0
660 105
661 114
662 78
663 99
664 16
665 84
666 22
667 64
668 86
669 59
670 43
671 0
672 199
673 63
674 30
675 16
676 15
677 24
