0 9
1 4
2 67
3 28
4 30
5 34
6 120
7 94
8 0
9 78
10 4
11 5
12 16
13 53
14 38
15 72
16 2
17 0
18 58
19 110
20 57
21 48
22 27
23 70
24 22
25 58
26 56
27 85
28 25
29 0
30 110
31 52
32 33
33 6
34 21
35 4
36 1
37 31
38 18
39 44
40 29
41 92
42 47
43 0
44 29
45 4
46 4
47 10
48 20
49 10
50 57
51 2
52 0
53 60
54 30
55 42
56 30
57 5
58 31
59 9
60 31
61 26
62 12
63 17
64 0
65 77
66 2
67 10
68 3
69 3
70 8
71 2
72 51
73 36
74 28
75 51
76 116
77 93
78 0
79 48
80 5
81 2
82 10
83 58
84 13
85 88
86 2
87 0
88 83
89 69
90 45
91 84
92 4
93 62
94 17
95 42
96 55
97 20
98 33
99 0
100 156
101 32
102 15
103 5
104 6
105 1
106 1
107 44
108 6
109 13
110 27
111 31
112 7
113 0
114 45
115 3
116 2
117 21
118 11
119 7
120 23
121 2
122 0
123 11
124 44
125 21
126 22
127 1
128 43
129 2
130 36
131 14
132 12
133 5
134 0
135 23
136 2
137 10
138 1
139 1
140 13
141 165
142 4
143 3
144 2
145 2
146 46
147 2
148 3
149 6
150 25
151 24
152 0
153 43
154 4
155 3
156 1
157 10
158 3
159 13
160 1
161 0
162 10
163 47
164 9
165 10
166 3
167 49
168 3
169 28
170 14
171 17
172 4
173 0
174 29
175 3
176 7
177 2
178 3
179 4
180 8
181 1
182 50
183 40
184 34
185 38
186 105
187 109
188 0
189 53
190 4
191 3
192 22
193 50
194 11
195 91
196 3
197 0
198 71
199 70
200 59
201 72
202 6
203 56
204 18
205 42
206 61
207 21
208 48
209 0
210 132
211 38
212 11
213 8
214 6
215 5
216 1
217 41
218 22
219 23
220 41
221 98
222 87
223 0
224 42
225 4
226 5
227 20
228 37
229 5
230 100
231 2
232 0
233 18
234 62
235 52
236 63
237 4
238 48
239 14
240 34
241 49
242 18
243 85
244 0
245 104
246 24
247 7
248 6
249 4
250 3
251 2
252 25
253 12
254 26
255 16
256 68
257 88
258 0
259 25
260 5
261 1
262 55
263 18
264 5
265 24
266 2
267 0
268 32
269 31
270 26
271 33
272 7
273 27
274 6
275 18
276 59
277 22
278 18
279 0
280 84
281 14
282 8
283 2
284 7
285 4
286 1
287 1
288 7
289 9
290 2
291 3
292 9
293 9
294 0
295 2
296 3
297 2
298 4
299 6
300 5
301 4
302 1
303 0
304 9
305 1
306 7
307 16
308 2
309 10
310 2
311 2
312 9
313 4
314 9
315 0
316 26
317 14
318 9
319 2
320 4
321 3
322 9
323 24
324 9
325 5
326 16
327 20
328 18
329 0
330 16
331 3
332 1
333 16
334 14
335 4
336 10
337 2
338 0
339 19
340 33
341 11
342 15
343 2
344 21
345 2
346 18
347 13
348 10
349 6
350 0
351 34
352 6
353 10
354 2
355 1
356 2
357 1
358 19
359 16
360 6
361 34
362 45
363 22
364 0
365 16
366 2
367 5
368 16
369 16
370 4
371 8
372 2
373 0
374 13
375 28
376 16
377 10
378 2
379 21
380 3
381 20
382 28
383 26
384 9
385 0
386 32
387 4
388 10
389 2
390 11
391 2
392 51
393 4
394 25
395 2
396 1
397 22
398 4
399 12
400 17
401 20
402 4
403 0
404 34
405 1
406 1
407 12
408 8
409 5
410 16
411 4
412 0
413 9
414 19
415 13
416 13
417 2
418 32
419 2
420 20
421 12
422 7
423 3
424 0
425 11
426 2
427 8
428 1
429 2
430 1
431 1
432 26
433 5
434 1
435 12
436 18
437 4
438 0
439 22
440 2
441 1
442 7
443 6
444 3
445 7
446 1
447 0
448 13
449 23
450 9
451 18
452 1
453 26
454 2
455 17
456 7
457 4
458 7
459 0
460 18
461 2
462 6
463 2
464 1
465 4
466 1
467 26
468 13
469 26
470 43
471 39
472 7
473 0
474 26
475 1
476 1
477 15
478 15
479 8
480 19
481 3
482 0
483 30
484 21
485 23
486 29
487 2
488 26
489 3
490 24
491 10
492 14
493 16
494 0
495 39
496 3
497 11
498 1
499 1
500 2
501 1
502 40
503 2
504 23
505 30
506 42
507 9
508 0
509 40
510 2
511 1
512 26
513 11
514 8
515 23
516 3
517 0
518 14
519 48
520 23
521 20
522 1
523 30
524 2
525 41
526 13
527 14
528 5
529 0
530 13
531 3
532 7
533 1
534 1
535 3
536 6
537 26
538 10
539 33
540 27
541 113
542 71
543 0
544 27
545 5
546 2
547 15
548 41
549 10
550 102
551 3
552 0
553 56
554 22
555 60
556 40
557 2
558 23
559 14
560 22
561 31
562 11
563 14
564 0
565 91
566 5
567 14
568 2
569 3
570 5
571 4
572 36
573 18
574 24
575 23
576 74
577 60
578 0
579 32
580 5
581 4
582 25
583 32
584 8
585 19
586 3
587 0
588 21
589 35
590 42
591 40
592 6
593 41
594 3
595 33
596 31
597 17
598 36
599 0
600 96
601 8
602 17
603 2
604 2
605 7
606 2
607 30
608 26
609 12
610 17
611 75
612 39
613 0
614 27
615 5
616 4
617 8
618 33
619 6
620 87
621 3
622 0
623 33
624 38
625 57
626 40
627 2
628 35
629 13
630 21
631 44
632 14
633 121
634 0
635 112
636 4
637 9
638 4
639 2
640 1
641 13
642 7
643 1
644 64
645 43
646 32
647 50
648 125
649 131
650 0
651 67
652 8
653 15
654 17
655 63
656 15
657 131
658 4
659 0
660 94
661 89
662 83
663 102
664 7
665 70
666 21
667 55
668 52
669 27
670 22
671 0
672 187
673 59
674 26
675 9
676 4
677 12
