0 9
1 2
2 69
3 30
4 34
5 33
6 100
7 74
8 0
9 58
10 8
11 12
12 14
13 49
14 36
15 75
16 2
17 0
18 79
19 100
20 61
21 72
22 33
23 66
24 26
25 49
26 60
27 135
28 39
29 0
30 144
31 72
32 30
33 6
34 35
35 3
36 2
37 32
38 20
39 27
40 30
41 110
42 62
43 0
44 33
45 4
46 3
47 11
48 23
49 8
50 56
51 2
52 0
53 55
54 26
55 52
56 34
57 2
58 30
59 11
60 23
61 29
62 12
63 28
64 0
65 82
66 3
67 12
68 2
69 3
70 8
71 2
72 52
73 37
74 29
75 30
76 122
77 98
78 0
79 54
80 5
81 4
82 15
83 54
84 18
85 123
86 3
87 0
88 86
89 75
90 72
91 83
92 8
93 56
94 16
95 52
96 70
97 25
98 63
99 0
100 154
101 18
102 18
103 6
104 10
105 5
106 1
107 59
108 16
109 36
110 35
111 38
112 29
113 0
114 65
115 4
116 3
117 30
118 25
119 9
120 36
121 3
122 0
123 49
124 51
125 54
126 49
127 1
128 61
129 6
130 55
131 28
132 19
133 31
134 0
135 81
136 5
137 14
138 2
139 2
140 17
141 125
142 4
143 5
144 1
145 1
146 38
147 2
148 2
149 5
150 15
151 14
152 0
153 32
154 2
155 1
156 1
157 9
158 2
159 13
160 1
161 0
162 6
163 42
164 7
165 13
166 1
167 36
168 3
169 21
170 17
171 12
172 2
173 0
174 18
175 4
176 4
177 1
178 1
179 9
180 9
181 1
182 52
183 36
184 28
185 30
186 123
187 100
188 0
189 52
190 5
191 4
192 23
193 42
194 14
195 92
196 3
197 0
198 74
199 57
200 58
201 67
202 11
203 52
204 17
205 45
206 69
207 21
208 38
209 0
210 143
211 21
212 13
213 9
214 15
215 3
216 1
217 43
218 24
219 25
220 34
221 115
222 97
223 0
224 43
225 4
226 9
227 25
228 34
229 11
230 100
231 3
232 0
233 41
234 42
235 53
236 53
237 22
238 46
239 17
240 36
241 52
242 38
243 118
244 0
245 113
246 13
247 10
248 11
249 26
250 3
251 3
252 30
253 15
254 27
255 15
256 69
257 49
258 0
259 30
260 3
261 3
262 48
263 25
264 5
265 17
266 1
267 0
268 30
269 38
270 34
271 36
272 2
273 32
274 5
275 25
276 40
277 18
278 16
279 0
280 70
281 13
282 11
283 2
284 5
285 5
286 1
287 2
288 1
289 3
290 2
291 1
292 5
293 2
294 0
295 2
296 1
297 1
298 1
299 1
300 1
301 2
302 1
303 0
304 2
305 2
306 1
307 2
308 3
309 2
310 1
311 1
312 1
313 1
314 2
315 0
316 3
317 2
318 1
319 2
320 2
321 4
322 2
323 44
324 16
325 21
326 19
327 54
328 24
329 0
330 45
331 3
332 2
333 22
334 19
335 8
336 16
337 2
338 0
339 33
340 37
341 31
342 37
343 3
344 46
345 3
346 43
347 26
348 17
349 24
350 0
351 64
352 6
353 14
354 2
355 1
356 3
357 2
358 32
359 18
360 20
361 46
362 86
363 45
364 0
365 34
366 4
367 5
368 24
369 25
370 6
371 20
372 2
373 0
374 33
375 41
376 35
377 42
378 4
379 36
380 4
381 28
382 32
383 36
384 45
385 0
386 102
387 6
388 11
389 3
390 6
391 2
392 80
393 4
394 40
395 2
396 1
397 24
398 6
399 4
400 16
401 14
402 4
403 0
404 18
405 2
406 2
407 8
408 11
409 4
410 7
411 1
412 0
413 9
414 19
415 12
416 18
417 1
418 23
419 1
420 16
421 6
422 7
423 10
424 0
425 21
426 2
427 6
428 1
429 1
430 2
431 1
432 23
433 7
434 4
435 12
436 17
437 5
438 0
439 19
440 2
441 2
442 7
443 12
444 5
445 7
446 1
447 0
448 12
449 21
450 15
451 20
452 1
453 23
454 1
455 16
456 8
457 6
458 12
459 0
460 20
461 2
462 6
463 2
464 1
465 4
466 1
467 26
468 14
469 14
470 51
471 25
472 7
473 0
474 26
475 2
476 1
477 15
478 12
479 5
480 14
481 2
482 0
483 19
484 23
485 20
486 20
487 1
488 26
489 1
490 21
491 13
492 10
493 10
494 0
495 31
496 3
497 10
498 1
499 1
500 5
501 4
502 51
503 17
504 31
505 40
506 37
507 29
508 0
509 63
510 6
511 2
512 25
513 24
514 11
515 40
516 4
517 0
518 48
519 55
520 49
521 40
522 1
523 58
524 4
525 57
526 25
527 14
528 51
529 0
530 53
531 5
532 15
533 2
534 2
535 4
536 5
537 37
538 13
539 28
540 28
541 85
542 65
543 0
544 41
545 3
546 3
547 13
548 39
549 8
550 100
551 3
552 0
553 44
554 32
555 54
556 41
557 2
558 39
559 14
560 31
561 28
562 13
563 27
564 0
565 89
566 4
567 13
568 3
569 2
570 5
571 2
572 41
573 18
574 28
575 21
576 81
577 47
578 0
579 38
580 3
581 3
582 24
583 34
584 9
585 21
586 2
587 0
588 29
589 40
590 34
591 45
592 4
593 45
594 5
595 30
596 30
597 21
598 42
599 0
600 95
601 7
602 20
603 3
604 2
605 5
606 1
607 40
608 25
609 27
610 55
611 116
612 59
613 0
614 39
615 4
616 4
617 14
618 36
619 9
620 80
621 5
622 0
623 63
624 48
625 49
626 50
627 2
628 43
629 15
630 34
631 41
632 12
633 42
634 0
635 126
636 5
637 12
638 3
639 4
640 3
641 17
642 9
643 2
644 81
645 42
646 57
647 66
648 152
649 140
650 0
651 76
652 12
653 19
654 18
655 63
656 31
657 142
658 3
659 0
660 104
661 102
662 71
663 105
664 34
665 87
666 26
667 66
668 85
669 55
670 35
671 0
672 191
673 63
674 32
675 14
676 19
677 24
