0 10
1 4
2 61
3 34
4 30
5 37
6 114
7 109
8 0
9 66
10 18
11 17
12 18
13 49
14 39
15 70
16 3
17 0
18 84
19 93
20 64
21 85
22 27
23 78
24 23
25 48
26 56
27 144
28 35
29 0
30 143
31 67
32 24
33 13
34 37
35 6
36 1
37 34
38 20
39 30
40 41
41 109
42 55
43 0
44 34
45 4
46 4
47 15
48 27
49 9
50 83
51 3
52 0
53 59
54 29
55 48
56 38
57 3
58 33
59 12
60 28
61 28
62 15
63 17
64 0
65 79
66 4
67 13
68 4
69 4
70 7
71 2
72 55
73 37
74 28
75 42
76 129
77 100
78 0
79 58
80 8
81 5
82 25
83 60
84 22
85 117
86 5
87 0
88 83
89 76
90 77
91 84
92 13
93 65
94 19
95 49
96 75
97 28
98 42
99 0
100 175
101 21
102 17
103 7
104 13
105 7
106 2
107 53
108 18
109 33
110 29
111 38
112 28
113 0
114 58
115 5
116 4
117 26
118 22
119 10
120 43
121 4
122 0
123 56
124 51
125 51
126 46
127 2
128 61
129 11
130 53
131 28
132 16
133 34
134 0
135 74
136 6
137 12
138 2
139 3
140 8
141 137
142 14
143 10
144 1
145 5
146 41
147 2
148 8
149 8
150 23
151 15
152 0
153 43
154 2
155 2
156 1
157 10
158 6
159 12
160 1
161 0
162 7
163 46
164 8
165 13
166 2
167 43
168 3
169 20
170 18
171 16
172 3
173 0
174 18
175 6
176 7
177 2
178 5
179 11
180 9
181 1
182 49
183 37
184 31
185 32
186 122
187 99
188 0
189 53
190 7
191 6
192 27
193 39
194 15
195 85
196 3
197 0
198 69
199 65
200 61
201 66
202 20
203 53
204 18
205 43
206 67
207 30
208 33
209 0
210 141
211 35
212 13
213 12
214 19
215 5
216 2
217 42
218 24
219 26
220 30
221 116
222 83
223 0
224 44
225 15
226 18
227 25
228 31
229 10
230 106
231 3
232 0
233 54
234 52
235 49
236 52
237 16
238 43
239 14
240 40
241 50
242 21
243 61
244 0
245 119
246 21
247 8
248 9
249 37
250 4
251 2
252 31
253 19
254 28
255 18
256 71
257 38
258 0
259 31
260 3
261 4
262 54
263 28
264 6
265 24
266 2
267 0
268 29
269 35
270 27
271 36
272 7
273 35
274 6
275 22
276 42
277 18
278 15
279 0
280 68
281 14
282 10
283 2
284 10
285 9
286 1
287 2
288 2
289 2
290 3
291 3
292 5
293 4
294 0
295 1
296 2
297 2
298 2
299 5
300 3
301 3
302 1
303 0
304 3
305 3
306 2
307 2
308 5
309 1
310 1
311 1
312 2
313 2
314 4
315 0
316 3
317 6
318 3
319 2
320 4
321 4
322 3
323 45
324 15
325 23
326 21
327 60
328 29
329 0
330 39
331 4
332 2
333 24
334 23
335 9
336 14
337 1
338 0
339 39
340 40
341 29
342 38
343 3
344 42
345 5
346 42
347 25
348 15
349 26
350 0
351 64
352 6
353 13
354 2
355 3
356 3
357 2
358 32
359 18
360 26
361 56
362 100
363 38
364 0
365 35
366 4
367 7
368 28
369 26
370 8
371 17
372 2
373 0
374 40
375 44
376 28
377 45
378 5
379 36
380 10
381 28
382 27
383 22
384 68
385 0
386 101
387 9
388 15
389 4
390 8
391 1
392 72
393 6
394 43
395 3
396 1
397 19
398 10
399 8
400 14
401 14
402 6
403 0
404 17
405 2
406 2
407 11
408 12
409 5
410 7
411 5
412 0
413 12
414 18
415 11
416 23
417 1
418 22
419 1
420 14
421 11
422 7
423 10
424 0
425 20
426 3
427 8
428 1
429 2
430 2
431 1
432 23
433 6
434 7
435 12
436 17
437 7
438 0
439 22
440 3
441 2
442 9
443 14
444 5
445 9
446 1
447 0
448 11
449 21
450 13
451 19
452 1
453 24
454 1
455 18
456 11
457 8
458 13
459 0
460 22
461 3
462 7
463 1
464 2
465 4
466 2
467 28
468 14
469 12
470 41
471 26
472 10
473 0
474 32
475 2
476 1
477 14
478 13
479 8
480 13
481 2
482 0
483 20
484 21
485 22
486 27
487 1
488 25
489 2
490 29
491 14
492 10
493 16
494 0
495 38
496 4
497 11
498 1
499 2
500 6
501 8
502 59
503 17
504 35
505 37
506 37
507 29
508 0
509 60
510 7
511 3
512 22
513 25
514 11
515 33
516 5
517 0
518 47
519 48
520 56
521 36
522 3
523 62
524 11
525 53
526 24
527 16
528 34
529 0
530 68
531 5
532 15
533 2
534 3
535 6
536 9
537 43
538 12
539 29
540 26
541 91
542 60
543 0
544 41
545 5
546 5
547 19
548 32
549 11
550 81
551 4
552 0
553 45
554 35
555 62
556 37
557 2
558 44
559 16
560 28
561 36
562 15
563 36
564 0
565 93
566 6
567 14
568 3
569 3
570 5
571 2
572 41
573 17
574 25
575 20
576 80
577 53
578 0
579 41
580 4
581 3
582 21
583 30
584 10
585 18
586 2
587 0
588 41
589 43
590 33
591 44
592 7
593 46
594 5
595 34
596 32
597 20
598 29
599 0
600 90
601 9
602 16
603 3
604 2
605 8
606 4
607 42
608 29
609 29
610 42
611 99
612 82
613 0
614 40
615 7
616 4
617 15
618 41
619 10
620 87
621 6
622 0
623 57
624 45
625 60
626 57
627 5
628 44
629 12
630 29
631 45
632 16
633 38
634 0
635 119
636 7
637 10
638 4
639 5
640 2
641 20
642 8
643 5
644 71
645 40
646 36
647 48
648 141
649 126
650 0
651 78
652 11
653 17
654 14
655 64
656 38
657 129
658 4
659 0
660 103
661 98
662 80
663 98
664 22
665 80
666 21
667 65
668 90
669 73
670 37
671 0
672 199
673 57
674 29
675 15
676 20
677 20
