0 7
1 2
2 40
3 26
4 28
5 40
6 108
7 109
8 0
9 60
10 7
11 16
12 15
13 50
14 45
15 63
16 3
17 0
18 84
19 99
20 66
21 73
22 20
23 79
24 26
25 40
26 38
27 163
28 71
29 0
30 116
31 63
32 25
33 6
34 39
35 4
36 2
37 29
38 20
39 25
40 44
41 110
42 58
43 0
44 31
45 5
46 3
47 12
48 25
49 8
50 70
51 2
52 0
53 59
54 31
55 52
56 36
57 3
58 39
59 12
60 28
61 29
62 12
63 19
64 0
65 80
66 2
67 13
68 3
69 3
70 9
71 1
72 54
73 38
74 24
75 44
76 124
77 104
78 0
79 59
80 7
81 3
82 23
83 58
84 19
85 119
86 3
87 0
88 79
89 76
90 79
91 96
92 13
93 65
94 20
95 48
96 77
97 28
98 61
99 0
100 168
101 17
102 19
103 6
104 14
105 4
106 1
107 58
108 19
109 33
110 24
111 37
112 26
113 0
114 58
115 5
116 3
117 26
118 25
119 9
120 40
121 2
122 0
123 50
124 58
125 47
126 49
127 1
128 55
129 6
130 53
131 27
132 18
133 33
134 0
135 75
136 5
137 11
138 2
139 2
140 7
141 126
142 3
143 6
144 1
145 2
146 32
147 2
148 2
149 2
150 14
151 16
152 0
153 27
154 3
155 1
156 1
157 9
158 2
159 10
160 1
161 0
162 5
163 35
164 9
165 13
166 1
167 33
168 3
169 22
170 18
171 14
172 1
173 0
174 18
175 4
176 4
177 1
178 1
179 10
180 7
181 2
182 56
183 36
184 31
185 33
186 125
187 89
188 0
189 53
190 8
191 3
192 21
193 44
194 17
195 76
196 3
197 0
198 66
199 64
200 56
201 65
202 12
203 53
204 18
205 46
206 68
207 27
208 26
209 0
210 147
211 29
212 13
213 10
214 18
215 3
216 1
217 40
218 24
219 28
220 33
221 117
222 81
223 0
224 40
225 11
226 16
227 24
228 33
229 10
230 99
231 2
232 0
233 32
234 50
235 54
236 58
237 18
238 44
239 13
240 41
241 49
242 47
243 53
244 0
245 114
246 19
247 8
248 7
249 36
250 3
251 2
252 30
253 20
254 29
255 18
256 72
257 40
258 0
259 31
260 2
261 3
262 60
263 29
264 5
265 22
266 1
267 0
268 25
269 34
270 25
271 36
272 5
273 35
274 5
275 25
276 45
277 20
278 13
279 0
280 68
281 12
282 8
283 2
284 5
285 6
286 1
287 1
288 2
289 2
290 1
291 1
292 5
293 2
294 0
295 2
296 1
297 1
298 1
299 1
300 1
301 2
302 1
303 0
304 3
305 1
306 1
307 1
308 2
309 2
310 1
311 1
312 2
313 1
314 2
315 0
316 3
317 2
318 1
319 2
320 2
321 3
322 4
323 49
324 16
325 17
326 16
327 49
328 29
329 0
330 44
331 3
332 1
333 20
334 22
335 8
336 15
337 2
338 0
339 40
340 43
341 35
342 39
343 2
344 46
345 3
346 39
347 25
348 14
349 33
350 0
351 64
352 6
353 13
354 2
355 1
356 2
357 3
358 27
359 18
360 23
361 43
362 83
363 40
364 0
365 36
366 4
367 7
368 23
369 29
370 8
371 16
372 1
373 0
374 31
375 38
376 20
377 42
378 3
379 32
380 7
381 31
382 26
383 16
384 29
385 0
386 91
387 9
388 13
389 3
390 7
391 2
392 76
393 4
394 38
395 2
396 1
397 23
398 3
399 5
400 17
401 15
402 4
403 0
404 15
405 2
406 2
407 10
408 13
409 4
410 4
411 3
412 0
413 10
414 18
415 11
416 18
417 1
418 26
419 1
420 14
421 8
422 6
423 8
424 0
425 25
426 3
427 7
428 1
429 1
430 2
431 1
432 24
433 7
434 6
435 15
436 19
437 3
438 0
439 21
440 2
441 2
442 8
443 14
444 4
445 9
446 1
447 0
448 13
449 24
450 16
451 22
452 1
453 24
454 1
455 19
456 10
457 7
458 9
459 0
460 21
461 3
462 6
463 2
464 1
465 3
466 1
467 26
468 16
469 16
470 39
471 29
472 11
473 0
474 24
475 2
476 1
477 15
478 13
479 5
480 12
481 2
482 0
483 19
484 21
485 21
486 24
487 1
488 20
489 2
490 22
491 14
492 11
493 20
494 0
495 26
496 4
497 10
498 1
499 1
500 4
501 4
502 61
503 18
504 31
505 33
506 36
507 28
508 0
509 51
510 7
511 1
512 23
513 19
514 10
515 37
516 3
517 0
518 40
519 52
520 60
521 34
522 2
523 58
524 6
525 52
526 20
527 12
528 36
529 0
530 62
531 6
532 15
533 1
534 2
535 4
536 5
537 33
538 12
539 28
540 25
541 64
542 64
543 0
544 38
545 5
546 4
547 16
548 40
549 9
550 88
551 3
552 0
553 38
554 34
555 62
556 43
557 2
558 36
559 12
560 29
561 32
562 16
563 29
564 0
565 93
566 3
567 12
568 3
569 2
570 5
571 2
572 43
573 17
574 26
575 22
576 81
577 55
578 0
579 38
580 4
581 3
582 24
583 34
584 9
585 21
586 2
587 0
588 39
589 41
590 37
591 55
592 5
593 47
594 5
595 32
596 32
597 19
598 42
599 0
600 88
601 8
602 19
603 2
604 2
605 5
606 2
607 41
608 31
609 27
610 37
611 104
612 86
613 0
614 41
615 3
616 3
617 10
618 43
619 9
620 85
621 6
622 0
623 62
624 50
625 56
626 51
627 4
628 43
629 12
630 32
631 44
632 14
633 33
634 0
635 111
636 8
637 13
638 5
639 3
640 2
641 11
642 9
643 3
644 78
645 45
646 40
647 50
648 147
649 139
650 0
651 78
652 11
653 17
654 18
655 62
656 26
657 132
658 5
659 0
660 106
661 105
662 72
663 94
664 19
665 77
666 21
667 58
668 87
669 61
670 42
671 0
672 199
673 69
674 33
675 15
676 10
677 26
