0 8
1 3
2 58
3 24
4 23
5 25
6 111
7 70
8 0
9 72
10 7
11 5
12 13
13 37
14 38
15 69
16 2
17 0
18 64
19 107
20 49
21 53
22 20
23 78
24 23
25 44
26 71
27 118
28 14
29 0
30 115
31 53
32 34
33 3
34 17
35 4
36 1
37 31
38 20
39 65
40 32
41 97
42 46
43 0
44 23
45 5
46 5
47 11
48 21
49 10
50 73
51 2
52 0
53 60
54 30
55 46
56 31
57 4
58 29
59 8
60 24
61 29
62 11
63 21
64 0
65 76
66 3
67 11
68 3
69 4
70 8
71 3
72 54
73 40
74 24
75 53
76 137
77 91
78 0
79 58
80 9
81 5
82 15
83 48
84 20
85 122
86 2
87 0
88 83
89 62
90 50
91 86
92 9
93 59
94 17
95 48
96 67
97 26
98 23
99 0
100 136
101 24
102 16
103 7
104 13
105 3
106 1
107 44
108 12
109 18
110 26
111 36
112 7
113 0
114 40
115 4
116 2
117 23
118 17
119 6
120 23
121 2
122 0
123 29
124 36
125 30
126 34
127 2
128 45
129 1
130 41
131 18
132 13
133 26
134 0
135 46
136 3
137 12
138 1
139 1
140 32
141 202
142 6
143 7
144 2
145 4
146 44
147 2
148 3
149 5
150 22
151 25
152 0
153 52
154 4
155 3
156 2
157 9
158 4
159 14
160 1
161 0
162 9
163 51
164 15
165 12
166 3
167 45
168 3
169 23
170 17
171 18
172 4
173 0
174 34
175 8
176 6
177 1
178 3
179 7
180 8
181 1
182 57
183 40
184 31
185 40
186 107
187 101
188 0
189 60
190 8
191 4
192 24
193 58
194 19
195 92
196 2
197 0
198 68
199 65
200 76
201 78
202 13
203 70
204 20
205 46
206 71
207 26
208 40
209 0
210 155
211 27
212 13
213 13
214 18
215 5
216 1
217 43
218 23
219 21
220 39
221 102
222 84
223 0
224 46
225 6
226 3
227 21
228 38
229 11
230 107
231 3
232 0
233 36
234 57
235 51
236 69
237 4
238 45
239 14
240 42
241 53
242 25
243 119
244 0
245 131
246 12
247 6
248 5
249 6
250 3
251 2
252 26
253 11
254 22
255 18
256 61
257 68
258 0
259 21
260 3
261 1
262 57
263 18
264 5
265 31
266 1
267 0
268 28
269 25
270 25
271 34
272 5
273 21
274 6
275 19
276 65
277 31
278 23
279 0
280 80
281 11
282 8
283 2
284 10
285 5
286 1
287 1
288 4
289 11
290 4
291 3
292 7
293 20
294 0
295 6
296 1
297 3
298 1
299 14
300 6
301 9
302 1
303 0
304 19
305 1
306 4
307 17
308 2
309 1
310 2
311 8
312 7
313 2
314 4
315 0
316 18
317 5
318 6
319 3
320 2
321 3
322 7
323 28
324 3
325 13
326 17
327 7
328 21
329 0
330 29
331 4
332 1
333 12
334 10
335 3
336 8
337 2
338 0
339 21
340 25
341 18
342 15
343 2
344 21
345 1
346 22
347 11
348 7
349 3
350 0
351 9
352 4
353 14
354 2
355 1
356 1
357 2
358 25
359 16
360 8
361 24
362 38
363 24
364 0
365 18
366 2
367 5
368 17
369 11
370 4
371 9
372 2
373 0
374 10
375 23
376 13
377 16
378 2
379 17
380 3
381 15
382 26
383 37
384 4
385 0
386 65
387 3
388 12
389 2
390 9
391 3
392 52
393 4
394 23
395 3
396 1
397 8
398 5
399 1
400 16
401 19
402 3
403 0
404 9
405 2
406 1
407 5
408 3
409 3
410 6
411 1
412 0
413 5
414 8
415 7
416 11
417 2
418 9
419 2
420 9
421 5
422 4
423 5
424 0
425 9
426 1
427 5
428 1
429 1
430 2
431 1
432 27
433 5
434 1
435 14
436 18
437 4
438 0
439 22
440 2
441 1
442 8
443 8
444 3
445 9
446 1
447 0
448 10
449 24
450 10
451 19
452 1
453 27
454 2
455 16
456 6
457 5
458 5
459 0
460 16
461 2
462 5
463 2
464 1
465 5
466 1
467 27
468 14
469 31
470 45
471 38
472 10
473 0
474 30
475 1
476 1
477 16
478 16
479 7
480 20
481 2
482 0
483 29
484 22
485 20
486 28
487 2
488 31
489 4
490 29
491 9
492 14
493 18
494 0
495 34
496 4
497 12
498 1
499 1
500 5
501 1
502 53
503 14
504 28
505 32
506 47
507 11
508 0
509 48
510 2
511 1
512 26
513 18
514 7
515 24
516 3
517 0
518 30
519 43
520 27
521 33
522 2
523 53
524 4
525 48
526 18
527 15
528 29
529 0
530 52
531 3
532 8
533 1
534 1
535 4
536 3
537 29
538 11
539 25
540 24
541 62
542 65
543 0
544 32
545 7
546 3
547 9
548 41
549 12
550 100
551 3
552 0
553 40
554 25
555 44
556 47
557 3
558 27
559 16
560 20
561 36
562 12
563 23
564 0
565 98
566 4
567 10
568 1
569 2
570 7
571 6
572 40
573 17
574 23
575 19
576 75
577 59
578 0
579 32
580 8
581 4
582 26
583 32
584 8
585 21
586 4
587 0
588 20
589 36
590 30
591 54
592 4
593 41
594 4
595 29
596 31
597 21
598 30
599 0
600 97
601 10
602 17
603 2
604 2
605 6
606 1
607 32
608 24
609 22
610 29
611 81
612 53
613 0
614 24
615 5
616 4
617 10
618 34
619 8
620 92
621 3
622 0
623 50
624 39
625 37
626 40
627 2
628 39
629 10
630 22
631 43
632 11
633 47
634 0
635 139
636 2
637 8
638 2
639 2
640 2
641 9
642 6
643 1
644 66
645 45
646 32
647 50
648 128
649 137
650 0
651 67
652 7
653 4
654 12
655 62
656 25
657 142
658 4
659 0
660 95
661 91
662 80
663 106
664 11
665 70
666 22
667 54
668 39
669 27
670 21
671 0
672 187
673 61
674 25
675 15
676 10
677 14
