0 7
1 2
2 69
3 51
4 32
5 29
6 151
7 112
8 0
9 64
10 7
11 11
12 16
13 52
14 32
15 75
16 3
17 0
18 91
19 105
20 56
21 83
22 36
23 76
24 22
25 59
26 77
27 85
28 36
29 0
30 157
31 70
32 31
33 11
34 34
35 3
36 1
37 39
38 22
39 21
40 30
41 118
42 64
43 0
44 38
45 3
46 3
47 15
48 28
49 8
50 56
51 3
52 0
53 54
54 34
55 52
56 38
57 2
58 37
59 12
60 28
61 30
62 14
63 26
64 0
65 82
66 4
67 11
68 3
69 2
70 7
71 1
72 49
73 35
74 28
75 40
76 124
77 102
78 0
79 55
80 8
81 4
82 23
83 48
84 19
85 130
86 3
87 0
88 94
89 71
90 75
91 83
92 11
93 56
94 18
95 48
96 74
97 26
98 41
99 0
100 166
101 17
102 17
103 8
104 9
105 3
106 1
107 57
108 18
109 38
110 37
111 41
112 32
113 0
114 54
115 3
116 2
117 32
118 26
119 10
120 43
121 4
122 0
123 56
124 49
125 58
126 47
127 1
128 55
129 6
130 56
131 27
132 17
133 28
134 0
135 83
136 5
137 14
138 2
139 2
140 6
141 114
142 2
143 8
144 1
145 1
146 52
147 2
148 5
149 3
150 15
151 12
152 0
153 36
154 2
155 1
156 1
157 9
158 3
159 13
160 1
161 0
162 8
163 36
164 8
165 12
166 2
167 47
168 3
169 32
170 15
171 12
172 3
173 0
174 18
175 5
176 5
177 2
178 1
179 11
180 9
181 1
182 48
183 37
184 30
185 33
186 129
187 106
188 0
189 55
190 6
191 3
192 26
193 41
194 16
195 98
196 3
197 0
198 78
199 57
200 64
201 62
202 13
203 51
204 14
205 42
206 64
207 24
208 44
209 0
210 148
211 27
212 15
213 7
214 14
215 4
216 2
217 41
218 27
219 26
220 32
221 123
222 94
223 0
224 42
225 8
226 11
227 17
228 37
229 12
230 103
231 3
232 0
233 65
234 46
235 54
236 56
237 22
238 43
239 16
240 34
241 52
242 22
243 122
244 0
245 105
246 15
247 11
248 12
249 25
250 4
251 3
252 34
253 22
254 26
255 16
256 69
257 50
258 0
259 30
260 2
261 2
262 46
263 25
264 6
265 18
266 1
267 0
268 34
269 33
270 36
271 36
272 3
273 36
274 4
275 26
276 37
277 17
278 18
279 0
280 66
281 14
282 11
283 2
284 4
285 4
286 1
287 1
288 2
289 2
290 2
291 3
292 4
293 2
294 0
295 2
296 1
297 1
298 1
299 1
300 1
301 2
302 1
303 0
304 2
305 2
306 1
307 2
308 2
309 2
310 1
311 1
312 1
313 1
314 2
315 0
316 3
317 2
318 1
319 1
320 1
321 4
322 4
323 44
324 17
325 23
326 16
327 61
328 22
329 0
330 45
331 2
332 4
333 19
334 22
335 7
336 15
337 2
338 0
339 34
340 44
341 31
342 38
343 4
344 47
345 3
346 39
347 24
348 18
349 32
350 0
351 63
352 4
353 15
354 2
355 2
356 3
357 2
358 33
359 25
360 28
361 47
362 109
363 55
364 0
365 35
366 3
367 4
368 30
369 25
370 7
371 23
372 2
373 0
374 41
375 45
376 35
377 42
378 4
379 39
380 4
381 30
382 30
383 32
384 51
385 0
386 112
387 7
388 12
389 3
390 5
391 1
392 83
393 5
394 47
395 2
396 1
397 20
398 5
399 3
400 15
401 16
402 5
403 0
404 18
405 2
406 2
407 9
408 10
409 4
410 8
411 1
412 0
413 10
414 21
415 8
416 21
417 1
418 23
419 1
420 16
421 8
422 8
423 11
424 0
425 19
426 3
427 6
428 1
429 1
430 2
431 1
432 22
433 8
434 3
435 11
436 14
437 5
438 0
439 20
440 3
441 2
442 6
443 10
444 5
445 6
446 1
447 0
448 12
449 19
450 14
451 20
452 1
453 22
454 2
455 16
456 6
457 6
458 11
459 0
460 21
461 3
462 6
463 2
464 1
465 4
466 1
467 27
468 16
469 18
470 42
471 29
472 8
473 0
474 29
475 2
476 2
477 14
478 11
479 4
480 12
481 2
482 0
483 19
484 23
485 21
486 20
487 1
488 26
489 2
490 22
491 10
492 12
493 11
494 0
495 30
496 3
497 11
498 1
499 1
500 4
501 6
502 65
503 19
504 38
505 34
506 40
507 28
508 0
509 58
510 5
511 2
512 24
513 26
514 9
515 45
516 4
517 0
518 53
519 53
520 51
521 44
522 3
523 63
524 6
525 56
526 26
527 18
528 33
529 0
530 79
531 4
532 16
533 2
534 2
535 5
536 7
537 37
538 17
539 28
540 23
541 110
542 65
543 0
544 39
545 4
546 3
547 20
548 42
549 10
550 95
551 4
552 0
553 54
554 37
555 62
556 39
557 2
558 42
559 16
560 31
561 34
562 16
563 31
564 0
565 98
566 4
567 14
568 3
569 3
570 4
571 3
572 42
573 18
574 23
575 17
576 80
577 50
578 0
579 36
580 4
581 4
582 24
583 27
584 7
585 22
586 2
587 0
588 35
589 39
590 33
591 47
592 5
593 43
594 6
595 29
596 32
597 22
598 33
599 0
600 95
601 8
602 17
603 2
604 2
605 5
606 2
607 39
608 25
609 31
610 57
611 126
612 72
613 0
614 39
615 7
616 3
617 19
618 35
619 9
620 102
621 6
622 0
623 62
624 39
625 66
626 38
627 2
628 41
629 12
630 35
631 46
632 15
633 35
634 0
635 111
636 6
637 11
638 4
639 4
640 2
641 19
642 7
643 2
644 79
645 41
646 40
647 55
648 160
649 133
650 0
651 86
652 8
653 14
654 18
655 58
656 29
657 131
658 3
659 0
660 102
661 95
662 69
663 74
664 31
665 88
666 25
667 66
668 95
669 75
670 29
671 0
672 178
673 63
674 29
675 9
676 22
677 27
