0 6
1 3
2 68
3 24
4 32
5 33
6 117
7 68
8 0
9 72
10 6
11 4
12 16
13 50
14 37
15 77
16 2
17 0
18 75
19 128
20 56
21 63
22 22
23 82
24 16
25 59
26 36
27 146
28 11
29 0
30 130
31 65
32 35
33 4
34 25
35 3
36 2
37 31
38 31
39 38
40 41
41 92
42 53
43 0
44 22
45 2
46 4
47 10
48 20
49 12
50 76
51 1
52 0
53 54
54 31
55 35
56 39
57 2
58 26
59 10
60 23
61 31
62 10
63 29
64 0
65 93
66 3
67 11
68 2
69 3
70 7
71 2
72 56
73 41
74 29
75 50
76 129
77 126
78 0
79 55
80 5
81 8
82 10
83 43
84 31
85 112
86 1
87 0
88 84
89 78
90 53
91 96
92 12
93 61
94 22
95 51
96 89
97 123
98 17
99 0
100 168
101 39
102 22
103 8
104 8
105 5
106 2
107 48
108 18
109 15
110 25
111 36
112 22
113 0
114 41
115 4
116 4
117 18
118 20
119 7
120 23
121 2
122 0
123 29
124 39
125 33
126 39
127 2
128 47
129 1
130 36
131 21
132 13
133 36
134 0
135 53
136 3
137 13
138 1
139 1
140 23
141 146
142 8
143 9
144 2
145 3
146 43
147 2
148 4
149 4
150 20
151 21
152 0
153 38
154 6
155 4
156 1
157 9
158 6
159 15
160 1
161 0
162 6
163 45
164 10
165 17
166 2
167 56
168 3
169 28
170 15
171 17
172 4
173 0
174 27
175 4
176 4
177 1
178 3
179 8
180 11
181 1
182 60
183 29
184 31
185 35
186 111
187 117
188 0
189 62
190 5
191 6
192 23
193 51
194 22
195 74
196 3
197 0
198 64
199 89
200 63
201 65
202 10
203 68
204 18
205 49
206 85
207 94
208 29
209 0
210 122
211 49
212 16
213 12
214 35
215 3
216 1
217 44
218 26
219 20
220 32
221 104
222 100
223 0
224 38
225 3
226 5
227 17
228 27
229 7
230 96
231 2
232 0
233 24
234 56
235 39
236 61
237 8
238 49
239 12
240 42
241 49
242 70
243 59
244 0
245 135
246 31
247 8
248 6
249 8
250 5
251 2
252 25
253 15
254 20
255 16
256 57
257 77
258 0
259 16
260 4
261 2
262 56
263 19
264 5
265 42
266 1
267 0
268 33
269 27
270 27
271 43
272 8
273 24
274 5
275 17
276 59
277 21
278 15
279 0
280 84
281 13
282 4
283 2
284 8
285 5
286 3
287 1
288 11
289 14
290 2
291 6
292 9
293 10
294 0
295 7
296 4
297 4
298 1
299 12
300 9
301 5
302 1
303 0
304 27
305 18
306 5
307 18
308 3
309 16
310 6
311 5
312 13
313 10
314 4
315 0
316 34
317 9
318 11
319 2
320 12
321 2
322 51
323 14
324 5
325 5
326 21
327 28
328 23
329 0
330 17
331 4
332 1
333 16
334 14
335 3
336 7
337 2
338 0
339 25
340 16
341 9
342 4
343 2
344 10
345 1
346 12
347 13
348 7
349 3
350 0
351 10
352 5
353 10
354 2
355 1
356 2
357 3
358 16
359 13
360 7
361 18
362 50
363 24
364 0
365 17
366 1
367 5
368 13
369 9
370 3
371 8
372 2
373 0
374 15
375 19
376 14
377 10
378 2
379 19
380 3
381 11
382 14
383 7
384 4
385 0
386 64
387 5
388 13
389 2
390 6
391 9
392 48
393 5
394 24
395 3
396 1
397 8
398 4
399 2
400 17
401 15
402 3
403 0
404 11
405 2
406 1
407 5
408 2
409 3
410 5
411 1
412 0
413 6
414 8
415 7
416 9
417 2
418 10
419 2
420 8
421 4
422 4
423 5
424 0
425 9
426 1
427 5
428 1
429 1
430 2
431 1
432 25
433 4
434 1
435 14
436 15
437 4
438 0
439 19
440 2
441 1
442 9
443 6
444 4
445 9
446 1
447 0
448 8
449 23
450 9
451 17
452 1
453 24
454 2
455 17
456 7
457 5
458 5
459 0
460 17
461 2
462 5
463 2
464 1
465 4
466 1
467 25
468 14
469 32
470 37
471 35
472 7
473 0
474 29
475 2
476 1
477 19
478 17
479 8
480 19
481 2
482 0
483 32
484 22
485 19
486 25
487 2
488 27
489 3
490 28
491 11
492 15
493 22
494 0
495 36
496 4
497 12
498 1
499 1
500 3
501 4
502 27
503 14
504 27
505 32
506 48
507 19
508 0
509 34
510 2
511 1
512 24
513 16
514 7
515 23
516 4
517 0
518 30
519 43
520 29
521 34
522 2
523 43
524 3
525 41
526 18
527 12
528 29
529 0
530 50
531 3
532 8
533 2
534 1
535 3
536 6
537 24
538 15
539 28
540 19
541 71
542 69
543 0
544 29
545 4
546 1
547 9
548 40
549 12
550 89
551 3
552 0
553 38
554 26
555 52
556 46
557 3
558 28
559 15
560 21
561 33
562 8
563 19
564 0
565 92
566 4
567 10
568 2
569 3
570 2
571 3
572 34
573 21
574 27
575 29
576 88
577 78
578 0
579 33
580 6
581 2
582 37
583 35
584 10
585 33
586 2
587 0
588 28
589 40
590 35
591 56
592 11
593 40
594 6
595 30
596 37
597 26
598 25
599 0
600 114
601 12
602 18
603 3
604 5
605 6
606 2
607 32
608 19
609 20
610 23
611 66
612 52
613 0
614 29
615 5
616 2
617 7
618 34
619 5
620 79
621 3
622 0
623 48
624 33
625 39
626 35
627 2
628 37
629 11
630 17
631 38
632 11
633 75
634 0
635 117
636 3
637 8
638 3
639 2
640 2
641 14
642 7
643 1
644 66
645 45
646 35
647 45
648 133
649 124
650 0
651 66
652 5
653 5
654 8
655 61
656 29
657 139
658 4
659 0
660 90
661 83
662 81
663 97
664 11
665 67
666 25
667 52
668 84
669 31
670 17
671 0
672 196
673 64
674 24
675 16
676 11
677 12
