0 9
1 1
2 65
3 31
4 31
5 39
6 130
7 114
8 0
9 74
10 7
11 18
12 16
13 51
14 41
15 76
16 2
17 0
18 84
19 107
20 63
21 89
22 21
23 77
24 25
25 56
26 78
27 174
28 35
29 0
30 151
31 67
32 23
33 6
34 27
35 3
36 1
37 31
38 20
39 23
40 40
41 106
42 54
43 0
44 34
45 4
46 3
47 13
48 25
49 8
50 65
51 3
52 0
53 59
54 32
55 49
56 37
57 3
58 36
59 9
60 30
61 25
62 12
63 20
64 0
65 81
66 2
67 14
68 2
69 3
70 9
71 1
72 60
73 37
74 24
75 43
76 130
77 98
78 0
79 60
80 6
81 3
82 20
83 49
84 23
85 112
86 2
87 0
88 75
89 80
90 81
91 89
92 11
93 68
94 20
95 50
96 74
97 26
98 44
99 0
100 169
101 19
102 18
103 5
104 11
105 4
106 1
107 55
108 16
109 34
110 16
111 41
112 26
113 0
114 51
115 5
116 3
117 22
118 24
119 10
120 41
121 2
122 0
123 49
124 50
125 48
126 44
127 1
128 55
129 8
130 49
131 27
132 17
133 33
134 0
135 72
136 4
137 12
138 2
139 1
140 6
141 114
142 4
143 5
144 1
145 1
146 33
147 1
148 2
149 3
150 16
151 15
152 0
153 27
154 3
155 1
156 1
157 9
158 2
159 11
160 1
161 0
162 5
163 36
164 7
165 14
166 1
167 33
168 3
169 24
170 16
171 15
172 2
173 0
174 20
175 4
176 4
177 1
178 1
179 6
180 8
181 1
182 57
183 30
184 31
185 30
186 129
187 93
188 0
189 53
190 6
191 4
192 24
193 40
194 18
195 83
196 3
197 0
198 69
199 57
200 56
201 65
202 11
203 57
204 16
205 48
206 70
207 27
208 38
209 0
210 129
211 31
212 13
213 10
214 16
215 3
216 1
217 40
218 23
219 29
220 33
221 115
222 79
223 0
224 42
225 11
226 14
227 24
228 32
229 12
230 102
231 2
232 0
233 44
234 47
235 49
236 54
237 17
238 46
239 13
240 44
241 48
242 22
243 67
244 0
245 104
246 17
247 9
248 8
249 28
250 2
251 2
252 29
253 17
254 27
255 15
256 83
257 63
258 0
259 29
260 2
261 2
262 48
263 25
264 4
265 22
266 1
267 0
268 30
269 35
270 30
271 31
272 4
273 31
274 4
275 24
276 39
277 20
278 11
279 0
280 72
281 11
282 10
283 1
284 4
285 5
286 1
287 1
288 2
289 2
290 1
291 1
292 4
293 2
294 0
295 2
296 1
297 1
298 1
299 1
300 1
301 2
302 1
303 0
304 1
305 2
306 1
307 1
308 2
309 2
310 1
311 1
312 1
313 1
314 2
315 0
316 3
317 2
318 1
319 1
320 2
321 3
322 1
323 44
324 16
325 21
326 17
327 91
328 25
329 0
330 41
331 3
332 1
333 22
334 21
335 7
336 17
337 1
338 0
339 35
340 42
341 36
342 37
343 2
344 47
345 3
346 33
347 27
348 13
349 23
350 0
351 62
352 5
353 11
354 1
355 2
356 3
357 1
358 35
359 18
360 24
361 50
362 113
363 44
364 0
365 36
366 3
367 7
368 29
369 26
370 8
371 17
372 1
373 0
374 44
375 41
376 33
377 37
378 3
379 41
380 6
381 31
382 31
383 22
384 30
385 0
386 108
387 10
388 13
389 4
390 8
391 1
392 62
393 5
394 47
395 2
396 1
397 21
398 6
399 4
400 12
401 14
402 4
403 0
404 16
405 2
406 1
407 8
408 11
409 4
410 7
411 1
412 0
413 8
414 17
415 10
416 20
417 1
418 23
419 1
420 11
421 7
422 6
423 4
424 0
425 22
426 3
427 6
428 1
429 1
430 1
431 1
432 22
433 5
434 4
435 11
436 17
437 4
438 0
439 20
440 2
441 2
442 9
443 10
444 5
445 9
446 1
447 0
448 12
449 21
450 15
451 22
452 1
453 23
454 1
455 18
456 8
457 6
458 7
459 0
460 19
461 3
462 6
463 1
464 1
465 2
466 1
467 25
468 15
469 17
470 48
471 23
472 9
473 0
474 26
475 2
476 1
477 14
478 15
479 6
480 14
481 2
482 0
483 21
484 20
485 24
486 25
487 1
488 27
489 2
490 23
491 13
492 11
493 16
494 0
495 28
496 3
497 10
498 1
499 1
500 4
501 6
502 56
503 14
504 35
505 41
506 39
507 27
508 0
509 59
510 5
511 1
512 21
513 24
514 10
515 29
516 3
517 0
518 50
519 49
520 55
521 45
522 3
523 56
524 9
525 50
526 29
527 13
528 28
529 0
530 85
531 5
532 16
533 2
534 1
535 4
536 7
537 40
538 17
539 27
540 26
541 101
542 65
543 0
544 38
545 4
546 4
547 19
548 38
549 10
550 94
551 3
552 0
553 55
554 39
555 61
556 49
557 1
558 41
559 14
560 31
561 35
562 14
563 27
564 0
565 88
566 3
567 12
568 2
569 2
570 4
571 1
572 42
573 16
574 21
575 20
576 81
577 57
578 0
579 38
580 5
581 2
582 23
583 29
584 8
585 21
586 2
587 0
588 41
589 41
590 34
591 43
592 3
593 44
594 5
595 33
596 29
597 16
598 44
599 0
600 97
601 7
602 17
603 2
604 2
605 6
606 2
607 42
608 27
609 27
610 37
611 132
612 84
613 0
614 43
615 4
616 3
617 14
618 38
619 10
620 109
621 5
622 0
623 66
624 48
625 72
626 50
627 1
628 46
629 12
630 35
631 43
632 14
633 27
634 0
635 125
636 4
637 12
638 4
639 2
640 2
641 9
642 8
643 2
644 69
645 47
646 34
647 52
648 141
649 116
650 0
651 87
652 7
653 14
654 15
655 64
656 34
657 132
658 2
659 0
660 105
661 120
662 78
663 106
664 14
665 86
666 26
667 70
668 77
669 50
670 42
671 0
672 188
673 42
674 26
675 13
676 10
677 24
