0 7
1 2
2 68
3 27
4 34
5 29
6 104
7 93
8 0
9 61
10 12
11 10
12 16
13 50
14 33
15 76
16 2
17 0
18 86
19 97
20 60
21 74
22 38
23 76
24 24
25 55
26 60
27 151
28 38
29 0
30 151
31 72
32 27
33 8
34 40
35 3
36 1
37 36
38 21
39 27
40 36
41 120
42 63
43 0
44 32
45 3
46 3
47 14
48 22
49 8
50 59
51 3
52 0
53 54
54 29
55 50
56 38
57 2
58 34
59 11
60 26
61 32
62 11
63 32
64 0
65 80
66 4
67 13
68 2
69 2
70 7
71 2
72 51
73 36
74 28
75 34
76 123
77 101
78 0
79 58
80 7
81 4
82 13
83 52
84 18
85 122
86 3
87 0
88 83
89 79
90 71
91 83
92 11
93 57
94 18
95 48
96 76
97 23
98 47
99 0
100 157
101 18
102 17
103 5
104 10
105 5
106 1
107 55
108 18
109 36
110 37
111 40
112 32
113 0
114 57
115 6
116 2
117 24
118 25
119 8
120 39
121 3
122 0
123 52
124 50
125 54
126 47
127 1
128 58
129 6
130 56
131 28
132 16
133 32
134 0
135 82
136 4
137 15
138 2
139 2
140 9
141 126
142 6
143 6
144 1
145 1
146 41
147 2
148 4
149 4
150 14
151 13
152 0
153 37
154 2
155 2
156 2
157 10
158 3
159 12
160 1
161 0
162 8
163 45
164 8
165 11
166 2
167 47
168 3
169 39
170 18
171 13
172 3
173 0
174 20
175 4
176 5
177 1
178 1
179 12
180 10
181 1
182 51
183 37
184 28
185 31
186 125
187 100
188 0
189 49
190 7
191 4
192 19
193 43
194 17
195 97
196 3
197 0
198 70
199 54
200 63
201 66
202 13
203 52
204 14
205 41
206 69
207 24
208 54
209 0
210 139
211 31
212 14
213 8
214 15
215 3
216 2
217 42
218 23
219 27
220 29
221 117
222 95
223 0
224 39
225 6
226 12
227 21
228 36
229 11
230 105
231 3
232 0
233 47
234 49
235 58
236 58
237 23
238 43
239 15
240 35
241 51
242 29
243 90
244 0
245 103
246 16
247 9
248 10
249 24
250 3
251 2
252 31
253 17
254 27
255 15
256 72
257 45
258 0
259 27
260 3
261 3
262 59
263 25
264 5
265 18
266 1
267 0
268 32
269 34
270 32
271 35
272 4
273 29
274 5
275 26
276 37
277 16
278 15
279 0
280 70
281 15
282 11
283 2
284 6
285 6
286 1
287 2
288 2
289 3
290 2
291 1
292 4
293 2
294 0
295 2
296 1
297 1
298 2
299 1
300 1
301 2
302 1
303 0
304 2
305 2
306 1
307 2
308 3
309 2
310 1
311 1
312 1
313 1
314 2
315 0
316 3
317 2
318 1
319 1
320 1
321 5
322 3
323 42
324 16
325 22
326 13
327 61
328 23
329 0
330 43
331 3
332 2
333 23
334 19
335 5
336 12
337 2
338 0
339 33
340 38
341 31
342 37
343 5
344 44
345 3
346 36
347 26
348 16
349 27
350 0
351 60
352 5
353 14
354 2
355 1
356 3
357 2
358 33
359 18
360 22
361 47
362 115
363 53
364 0
365 34
366 2
367 5
368 24
369 27
370 7
371 23
372 2
373 0
374 41
375 42
376 33
377 42
378 4
379 35
380 5
381 30
382 29
383 29
384 33
385 0
386 99
387 7
388 10
389 2
390 5
391 1
392 77
393 5
394 42
395 3
396 1
397 23
398 5
399 3
400 16
401 15
402 4
403 0
404 20
405 2
406 2
407 8
408 10
409 5
410 8
411 1
412 0
413 8
414 21
415 11
416 21
417 1
418 22
419 1
420 17
421 9
422 7
423 11
424 0
425 21
426 2
427 5
428 1
429 1
430 2
431 1
432 23
433 7
434 3
435 11
436 14
437 5
438 0
439 23
440 2
441 2
442 8
443 11
444 5
445 7
446 1
447 0
448 13
449 19
450 14
451 19
452 1
453 23
454 2
455 16
456 7
457 6
458 12
459 0
460 25
461 3
462 6
463 1
464 1
465 3
466 1
467 26
468 15
469 14
470 50
471 26
472 8
473 0
474 29
475 1
476 1
477 14
478 11
479 5
480 14
481 2
482 0
483 18
484 23
485 21
486 20
487 1
488 27
489 1
490 21
491 10
492 9
493 8
494 0
495 30
496 3
497 9
498 1
499 1
500 5
501 4
502 49
503 17
504 35
505 42
506 40
507 29
508 0
509 56
510 5
511 2
512 23
513 25
514 9
515 44
516 3
517 0
518 45
519 48
520 50
521 37
522 1
523 62
524 6
525 53
526 27
527 16
528 41
529 0
530 53
531 3
532 16
533 2
534 2
535 6
536 6
537 37
538 9
539 28
540 26
541 94
542 66
543 0
544 37
545 4
546 3
547 13
548 37
549 10
550 98
551 3
552 0
553 47
554 33
555 56
556 35
557 2
558 38
559 17
560 29
561 32
562 14
563 28
564 0
565 99
566 4
567 15
568 2
569 3
570 5
571 3
572 39
573 17
574 21
575 22
576 83
577 47
578 0
579 34
580 4
581 3
582 25
583 30
584 9
585 20
586 2
587 0
588 30
589 41
590 33
591 47
592 5
593 40
594 5
595 34
596 31
597 22
598 31
599 0
600 92
601 8
602 18
603 3
604 2
605 5
606 2
607 40
608 29
609 28
610 58
611 121
612 64
613 0
614 38
615 4
616 4
617 16
618 32
619 11
620 84
621 6
622 0
623 58
624 45
625 47
626 48
627 2
628 40
629 15
630 34
631 40
632 11
633 48
634 0
635 113
636 5
637 12
638 4
639 3
640 3
641 18
642 8
643 2
644 83
645 44
646 39
647 56
648 165
649 138
650 0
651 84
652 7
653 15
654 16
655 65
656 29
657 148
658 3
659 0
660 102
661 112
662 68
663 98
664 36
665 88
666 24
667 66
668 99
669 48
670 30
671 0
672 183
673 66
674 32
675 14
676 21
677 22
