0 9
1 1
2 70
3 33
4 34
5 41
6 120
7 108
8 0
9 75
10 6
11 15
12 17
13 49
14 43
15 79
16 2
17 0
18 91
19 104
20 65
21 91
22 22
23 75
24 25
25 53
26 79
27 157
28 42
29 0
30 153
31 69
32 24
33 7
34 31
35 3
36 1
37 24
38 20
39 23
40 44
41 110
42 57
43 0
44 29
45 3
46 2
47 11
48 24
49 9
50 73
51 3
52 0
53 57
54 28
55 47
56 38
57 3
58 28
59 9
60 28
61 25
62 12
63 17
64 0
65 79
66 3
67 13
68 2
69 3
70 9
71 2
72 59
73 38
74 24
75 42
76 128
77 97
78 0
79 63
80 5
81 3
82 20
83 56
84 21
85 108
86 3
87 0
88 83
89 80
90 84
91 83
92 10
93 62
94 22
95 50
96 78
97 26
98 41
99 0
100 169
101 20
102 18
103 5
104 10
105 5
106 1
107 58
108 15
109 33
110 15
111 40
112 27
113 0
114 60
115 5
116 2
117 21
118 26
119 9
120 55
121 3
122 0
123 49
124 55
125 46
126 44
127 1
128 57
129 7
130 45
131 27
132 16
133 37
134 0
135 69
136 5
137 12
138 2
139 1
140 7
141 118
142 5
143 9
144 1
145 1
146 28
147 1
148 2
149 3
150 15
151 15
152 0
153 27
154 3
155 1
156 2
157 9
158 2
159 13
160 1
161 0
162 6
163 33
164 11
165 12
166 1
167 32
168 3
169 22
170 15
171 16
172 2
173 0
174 19
175 3
176 4
177 2
178 1
179 7
180 8
181 1
182 54
183 33
184 26
185 27
186 125
187 90
188 0
189 51
190 7
191 3
192 24
193 43
194 13
195 82
196 3
197 0
198 70
199 59
200 58
201 64
202 9
203 55
204 16
205 44
206 67
207 28
208 38
209 0
210 134
211 31
212 12
213 10
214 14
215 3
216 2
217 42
218 24
219 27
220 35
221 115
222 81
223 0
224 38
225 10
226 12
227 23
228 33
229 10
230 99
231 2
232 0
233 49
234 47
235 52
236 52
237 18
238 44
239 13
240 37
241 50
242 22
243 59
244 0
245 113
246 17
247 9
248 7
249 26
250 2
251 2
252 35
253 18
254 27
255 16
256 79
257 72
258 0
259 30
260 2
261 2
262 53
263 27
264 5
265 21
266 1
267 0
268 32
269 35
270 25
271 31
272 4
273 34
274 5
275 23
276 45
277 20
278 15
279 0
280 73
281 11
282 11
283 2
284 4
285 5
286 1
287 1
288 1
289 2
290 1
291 1
292 4
293 2
294 0
295 2
296 1
297 1
298 1
299 1
300 1
301 2
302 1
303 0
304 2
305 2
306 1
307 1
308 1
309 2
310 1
311 2
312 2
313 1
314 2
315 0
316 3
317 1
318 1
319 1
320 2
321 3
322 2
323 39
324 15
325 17
326 17
327 79
328 32
329 0
330 36
331 3
332 2
333 23
334 20
335 7
336 19
337 1
338 0
339 33
340 37
341 32
342 38
343 2
344 39
345 4
346 37
347 27
348 15
349 21
350 0
351 63
352 6
353 11
354 2
355 2
356 3
357 2
358 38
359 20
360 23
361 47
362 106
363 44
364 0
365 35
366 4
367 5
368 27
369 24
370 7
371 17
372 1
373 0
374 42
375 39
376 31
377 36
378 2
379 38
380 6
381 31
382 30
383 23
384 15
385 0
386 96
387 8
388 17
389 3
390 7
391 2
392 65
393 5
394 20
395 1
396 1
397 21
398 8
399 4
400 13
401 15
402 5
403 0
404 17
405 2
406 1
407 8
408 12
409 3
410 6
411 1
412 0
413 12
414 17
415 11
416 19
417 2
418 22
419 1
420 13
421 7
422 7
423 4
424 0
425 25
426 3
427 7
428 1
429 1
430 1
431 1
432 24
433 6
434 5
435 12
436 17
437 5
438 0
439 22
440 2
441 2
442 8
443 12
444 5
445 8
446 1
447 0
448 8
449 24
450 13
451 21
452 1
453 24
454 1
455 18
456 8
457 5
458 6
459 0
460 23
461 2
462 4
463 1
464 1
465 2
466 1
467 35
468 15
469 14
470 43
471 36
472 9
473 0
474 30
475 2
476 2
477 14
478 14
479 5
480 17
481 2
482 0
483 23
484 31
485 31
486 28
487 1
488 30
489 2
490 22
491 21
492 9
493 17
494 0
495 30
496 3
497 11
498 1
499 1
500 4
501 5
502 58
503 14
504 38
505 39
506 40
507 27
508 0
509 59
510 5
511 2
512 24
513 24
514 11
515 43
516 3
517 0
518 50
519 53
520 51
521 43
522 2
523 59
524 8
525 48
526 31
527 13
528 36
529 0
530 48
531 5
532 15
533 2
534 1
535 3
536 4
537 47
538 16
539 29
540 28
541 92
542 66
543 0
544 42
545 3
546 3
547 17
548 37
549 11
550 100
551 3
552 0
553 51
554 38
555 66
556 49
557 1
558 41
559 14
560 30
561 33
562 15
563 29
564 0
565 84
566 3
567 12
568 2
569 2
570 5
571 1
572 40
573 18
574 23
575 19
576 83
577 52
578 0
579 39
580 4
581 2
582 24
583 32
584 9
585 22
586 2
587 0
588 39
589 39
590 37
591 44
592 3
593 42
594 5
595 31
596 32
597 17
598 38
599 0
600 94
601 6
602 19
603 2
604 2
605 6
606 2
607 46
608 27
609 32
610 36
611 116
612 80
613 0
614 44
615 4
616 2
617 16
618 38
619 11
620 95
621 5
622 0
623 63
624 48
625 74
626 51
627 1
628 44
629 15
630 34
631 46
632 14
633 36
634 0
635 119
636 5
637 11
638 4
639 2
640 2
641 12
642 9
643 2
644 75
645 45
646 33
647 53
648 142
649 116
650 0
651 92
652 8
653 14
654 15
655 62
656 39
657 129
658 3
659 0
660 102
661 124
662 80
663 98
664 13
665 82
666 25
667 68
668 79
669 47
670 36
671 0
672 191
673 46
674 29
675 15
676 10
677 25
