0 7
1 6
2 68
3 26
4 27
5 31
6 111
7 73
8 0
9 80
10 5
11 5
12 15
13 52
14 37
15 71
16 1
17 0
18 60
19 110
20 54
21 64
22 14
23 74
24 22
25 48
26 50
27 106
28 26
29 0
30 104
31 65
32 22
33 4
34 31
35 4
36 1
37 26
38 20
39 26
40 30
41 89
42 48
43 0
44 23
45 4
46 4
47 11
48 18
49 10
50 71
51 1
52 0
53 58
54 28
55 41
56 30
57 4
58 29
59 12
60 27
61 29
62 11
63 24
64 0
65 67
66 2
67 12
68 3
69 5
70 8
71 2
72 50
73 41
74 26
75 46
76 137
77 92
78 0
79 66
80 7
81 4
82 10
83 78
84 20
85 121
86 3
87 0
88 83
89 73
90 46
91 92
92 6
93 60
94 17
95 54
96 69
97 25
98 24
99 0
100 148
101 21
102 16
103 6
104 13
105 3
106 1
107 45
108 14
109 11
110 26
111 32
112 7
113 0
114 43
115 4
116 4
117 20
118 21
119 7
120 21
121 4
122 0
123 30
124 38
125 30
126 33
127 2
128 45
129 1
130 46
131 18
132 14
133 22
134 0
135 49
136 3
137 13
138 1
139 1
140 27
141 196
142 5
143 5
144 2
145 1
146 46
147 2
148 2
149 7
150 20
151 28
152 0
153 40
154 4
155 3
156 1
157 10
158 3
159 13
160 1
161 0
162 11
163 48
164 11
165 17
166 2
167 59
168 3
169 28
170 20
171 17
172 4
173 0
174 27
175 9
176 5
177 2
178 2
179 7
180 9
181 1
182 57
183 42
184 32
185 34
186 99
187 107
188 0
189 57
190 9
191 4
192 25
193 53
194 19
195 93
196 3
197 0
198 66
199 74
200 69
201 76
202 11
203 57
204 21
205 52
206 69
207 28
208 44
209 0
210 128
211 29
212 15
213 13
214 19
215 4
216 1
217 43
218 22
219 23
220 38
221 99
222 84
223 0
224 44
225 6
226 3
227 24
228 39
229 9
230 108
231 2
232 0
233 25
234 54
235 50
236 72
237 5
238 48
239 10
240 41
241 53
242 26
243 111
244 0
245 146
246 13
247 7
248 3
249 6
250 4
251 1
252 21
253 15
254 16
255 12
256 40
257 55
258 0
259 20
260 4
261 1
262 44
263 23
264 4
265 27
266 1
267 0
268 32
269 28
270 30
271 44
272 7
273 23
274 6
275 20
276 67
277 32
278 9
279 0
280 85
281 11
282 6
283 2
284 7
285 5
286 2
287 1
288 9
289 16
290 4
291 3
292 8
293 15
294 0
295 6
296 2
297 2
298 2
299 21
300 8
301 8
302 2
303 0
304 16
305 15
306 6
307 12
308 1
309 9
310 2
311 6
312 16
313 2
314 6
315 0
316 14
317 7
318 10
319 3
320 3
321 3
322 35
323 19
324 7
325 5
326 31
327 28
328 24
329 0
330 13
331 5
332 1
333 20
334 11
335 3
336 6
337 2
338 0
339 21
340 20
341 15
342 4
343 2
344 25
345 2
346 11
347 11
348 9
349 5
350 0
351 17
352 5
353 11
354 2
355 1
356 3
357 2
358 19
359 13
360 6
361 12
362 50
363 24
364 0
365 16
366 1
367 6
368 17
369 8
370 5
371 9
372 2
373 0
374 8
375 16
376 15
377 14
378 2
379 22
380 3
381 11
382 11
383 17
384 4
385 0
386 62
387 5
388 13
389 2
390 8
391 13
392 47
393 4
394 23
395 3
396 1
397 8
398 5
399 2
400 13
401 17
402 2
403 0
404 11
405 1
406 1
407 4
408 2
409 3
410 6
411 3
412 0
413 5
414 8
415 7
416 8
417 2
418 9
419 2
420 8
421 5
422 6
423 5
424 0
425 8
426 2
427 6
428 1
429 1
430 1
431 1
432 26
433 5
434 2
435 13
436 15
437 4
438 0
439 25
440 2
441 1
442 7
443 7
444 3
445 10
446 1
447 0
448 9
449 21
450 9
451 17
452 1
453 24
454 2
455 20
456 7
457 5
458 6
459 0
460 16
461 2
462 5
463 2
464 1
465 4
466 1
467 26
468 14
469 32
470 39
471 37
472 6
473 0
474 29
475 1
476 1
477 18
478 16
479 7
480 20
481 2
482 0
483 29
484 21
485 20
486 24
487 2
488 26
489 2
490 26
491 10
492 14
493 16
494 0
495 34
496 4
497 11
498 1
499 1
500 4
501 2
502 43
503 13
504 26
505 33
506 44
507 10
508 0
509 34
510 3
511 1
512 27
513 15
514 6
515 23
516 3
517 0
518 29
519 46
520 28
521 37
522 1
523 31
524 2
525 42
526 18
527 14
528 27
529 0
530 47
531 3
532 10
533 2
534 1
535 3
536 5
537 26
538 13
539 32
540 24
541 57
542 69
543 0
544 32
545 5
546 2
547 13
548 36
549 10
550 89
551 2
552 0
553 42
554 25
555 50
556 38
557 3
558 27
559 16
560 25
561 35
562 10
563 15
564 0
565 90
566 3
567 11
568 1
569 3
570 6
571 6
572 37
573 18
574 25
575 16
576 77
577 62
578 0
579 35
580 6
581 5
582 25
583 31
584 8
585 24
586 2
587 0
588 18
589 35
590 31
591 45
592 7
593 36
594 4
595 29
596 31
597 23
598 51
599 0
600 95
601 9
602 17
603 3
604 3
605 6
606 2
607 32
608 20
609 18
610 28
611 63
612 35
613 0
614 31
615 6
616 2
617 9
618 38
619 5
620 85
621 4
622 0
623 39
624 35
625 41
626 45
627 1
628 35
629 13
630 19
631 46
632 11
633 78
634 0
635 111
636 4
637 6
638 3
639 2
640 1
641 12
642 9
643 2
644 67
645 44
646 30
647 48
648 130
649 127
650 0
651 62
652 5
653 9
654 12
655 62
656 34
657 132
658 3
659 0
660 99
661 88
662 76
663 106
664 13
665 65
666 26
667 53
668 95
669 28
670 17
671 0
672 190
673 60
674 24
675 16
676 11
677 13
