0 6
1 6
2 70
3 23
4 27
5 28
6 112
7 68
8 0
9 69
10 7
11 6
12 14
13 48
14 37
15 72
16 2
17 0
18 74
19 107
20 63
21 60
22 22
23 72
24 21
25 55
26 49
27 98
28 33
29 0
30 89
31 73
32 26
33 7
34 18
35 4
36 1
37 29
38 20
39 32
40 29
41 98
42 49
43 0
44 28
45 3
46 4
47 10
48 22
49 12
50 74
51 1
52 0
53 57
54 29
55 42
56 28
57 3
58 34
59 10
60 22
61 29
62 10
63 13
64 0
65 73
66 3
67 11
68 4
69 4
70 7
71 2
72 50
73 41
74 26
75 35
76 136
77 84
78 0
79 55
80 7
81 4
82 11
83 54
84 23
85 116
86 2
87 0
88 77
89 64
90 58
91 87
92 9
93 62
94 19
95 55
96 68
97 28
98 20
99 0
100 137
101 30
102 15
103 7
104 13
105 3
106 1
107 45
108 12
109 15
110 28
111 34
112 6
113 0
114 44
115 4
116 3
117 19
118 19
119 5
120 21
121 2
122 0
123 29
124 37
125 31
126 37
127 2
128 45
129 2
130 49
131 19
132 13
133 18
134 0
135 49
136 4
137 12
138 1
139 1
140 20
141 162
142 1
143 7
144 2
145 2
146 45
147 2
148 3
149 3
150 25
151 22
152 0
153 44
154 5
155 3
156 1
157 9
158 4
159 14
160 1
161 0
162 9
163 35
164 8
165 19
166 2
167 45
168 4
169 28
170 16
171 16
172 3
173 0
174 37
175 3
176 4
177 2
178 7
179 8
180 8
181 1
182 60
183 37
184 32
185 39
186 106
187 101
188 0
189 56
190 9
191 5
192 24
193 54
194 17
195 108
196 5
197 0
198 73
199 69
200 76
201 80
202 13
203 62
204 20
205 49
206 71
207 27
208 54
209 0
210 147
211 27
212 12
213 14
214 17
215 5
216 1
217 44
218 26
219 22
220 44
221 98
222 93
223 0
224 45
225 6
226 4
227 20
228 39
229 9
230 100
231 2
232 0
233 28
234 55
235 50
236 67
237 6
238 48
239 9
240 42
241 51
242 24
243 94
244 0
245 143
246 13
247 8
248 3
249 6
250 4
251 1
252 22
253 13
254 20
255 14
256 45
257 84
258 0
259 20
260 3
261 2
262 57
263 16
264 4
265 34
266 1
267 0
268 40
269 27
270 35
271 44
272 8
273 25
274 6
275 19
276 61
277 22
278 7
279 0
280 83
281 17
282 4
283 4
284 8
285 5
286 2
287 1
288 11
289 5
290 3
291 2
292 13
293 28
294 0
295 21
296 1
297 2
298 3
299 17
300 10
301 8
302 2
303 0
304 23
305 4
306 4
307 21
308 4
309 6
310 2
311 9
312 20
313 4
314 7
315 0
316 42
317 6
318 10
319 3
320 3
321 3
322 35
323 26
324 6
325 9
326 30
327 30
328 26
329 0
330 15
331 5
332 1
333 18
334 17
335 5
336 10
337 2
338 0
339 22
340 9
341 10
342 7
343 2
344 18
345 2
346 10
347 11
348 5
349 3
350 0
351 34
352 5
353 12
354 2
355 1
356 2
357 1
358 18
359 11
360 8
361 21
362 28
363 26
364 0
365 10
366 2
367 6
368 18
369 14
370 3
371 8
372 2
373 0
374 13
375 21
376 15
377 29
378 2
379 14
380 2
381 12
382 9
383 7
384 3
385 0
386 30
387 3
388 15
389 2
390 7
391 11
392 44
393 4
394 24
395 4
396 1
397 9
398 4
399 1
400 13
401 18
402 3
403 0
404 11
405 1
406 1
407 5
408 5
409 3
410 5
411 2
412 0
413 6
414 8
415 9
416 9
417 1
418 8
419 2
420 9
421 4
422 4
423 5
424 0
425 10
426 1
427 5
428 1
429 1
430 1
431 1
432 26
433 4
434 1
435 12
436 16
437 4
438 0
439 21
440 2
441 1
442 7
443 7
444 4
445 8
446 1
447 0
448 9
449 23
450 11
451 17
452 1
453 24
454 2
455 18
456 7
457 5
458 4
459 0
460 15
461 2
462 5
463 2
464 1
465 5
466 1
467 24
468 13
469 25
470 41
471 37
472 7
473 0
474 29
475 2
476 1
477 19
478 14
479 9
480 19
481 3
482 0
483 29
484 22
485 22
486 27
487 1
488 27
489 3
490 29
491 11
492 15
493 19
494 0
495 35
496 4
497 13
498 1
499 1
500 4
501 1
502 36
503 14
504 26
505 35
506 44
507 10
508 0
509 31
510 3
511 1
512 26
513 17
514 7
515 23
516 3
517 0
518 28
519 40
520 29
521 35
522 2
523 39
524 2
525 46
526 18
527 14
528 29
529 0
530 52
531 3
532 14
533 1
534 1
535 3
536 3
537 24
538 11
539 28
540 34
541 53
542 75
543 0
544 28
545 6
546 2
547 11
548 38
549 10
550 88
551 3
552 0
553 33
554 21
555 54
556 39
557 3
558 25
559 16
560 21
561 37
562 8
563 22
564 0
565 96
566 3
567 11
568 3
569 3
570 7
571 6
572 38
573 18
574 17
575 18
576 76
577 64
578 0
579 38
580 8
581 5
582 26
583 30
584 9
585 25
586 2
587 0
588 17
589 33
590 29
591 44
592 6
593 38
594 4
595 30
596 29
597 22
598 42
599 0
600 98
601 9
602 17
603 3
604 3
605 5
606 2
607 30
608 21
609 15
610 25
611 82
612 49
613 0
614 30
615 5
616 2
617 8
618 29
619 6
620 78
621 3
622 0
623 44
624 41
625 45
626 32
627 1
628 34
629 14
630 20
631 40
632 10
633 41
634 0
635 114
636 3
637 8
638 2
639 2
640 1
641 12
642 9
643 1
644 57
645 43
646 32
647 45
648 122
649 126
650 0
651 62
652 8
653 8
654 12
655 62
656 29
657 138
658 3
659 0
660 103
661 88
662 80
663 94
664 9
665 66
666 28
667 55
668 93
669 30
670 25
671 0
672 198
673 61
674 23
675 16
676 11
677 13
