0 4
1 5
2 73
3 19
4 29
5 37
6 69
7 25
8 0
9 62
10 6
11 2
12 21
13 25
14 11
15 45
16 4
17 0
18 64
19 59
20 51
21 49
22 2
23 64
24 5
25 57
26 34
27 18
28 26
29 0
30 89
31 4
32 13
33 2
34 2
35 3
36 9
37 1
38 47
39 22
40 52
41 44
42 136
43 67
44 0
45 44
46 4
47 2
48 15
49 37
50 9
51 118
52 4
53 0
54 66
55 51
56 61
57 48
58 2
59 46
60 14
61 44
62 48
63 4
64 37
65 0
66 107
67 7
68 14
69 3
70 9
71 5
72 13
73 12
74 4
75 8
76 1
77 40
78 23
79 33
80 54
81 145
82 78
83 0
84 42
85 6
86 3
87 15
88 34
89 8
90 120
91 2
92 0
93 60
94 44
95 68
96 49
97 2
98 43
99 15
100 34
101 46
102 18
103 40
104 0
105 111
106 4
107 13
108 3
109 5
110 5
111 1
112 54
113 19
114 59
115 56
116 38
117 30
118 0
119 56
120 6
121 3
122 27
123 32
124 13
125 46
126 2
127 0
128 61
129 51
130 53
131 51
132 1
133 61
134 9
135 52
136 33
137 21
138 48
139 0
140 80
141 4
142 14
143 3
144 1
145 15
146 5
147 2
148 52
149 28
150 25
151 39
152 124
153 88
154 0
155 53
156 9
157 7
158 16
159 35
160 15
161 113
162 2
163 0
164 68
165 58
166 62
167 52
168 9
169 54
170 15
171 40
172 55
173 23
174 34
175 0
176 129
177 20
178 12
179 3
180 5
181 18
182 32
183 4
184 1
185 44
186 17
187 31
188 26
189 41
190 16
191 0
192 38
193 3
194 2
195 23
196 25
197 8
198 42
199 2
200 0
201 48
202 41
203 51
204 39
205 1
206 42
207 7
208 42
209 27
210 15
211 24
212 0
213 61
214 5
215 12
216 1
217 2
218 2
219 2
220 8
221 4
222 2
223 7
224 13
225 3
226 0
227 9
228 2
229 2
230 5
231 3
232 3
233 4
234 2
235 0
236 8
237 8
238 8
239 11
240 1
241 9
242 1
243 7
244 5
245 4
246 6
247 0
248 14
249 3
250 4
251 1
252 1
253 3
254 6
255 1
256 4
257 3
258 2
259 3
260 7
261 15
262 4
263 0
264 4
265 1
266 1
267 3
268 2
269 1
270 3
271 1
272 0
273 4
274 3
275 2
276 3
277 1
278 4
279 1
280 3
281 5
282 3
283 3
284 0
285 7
286 1
287 2
288 2
289 1
290 2
291 2
292 2
293 1
294 1
295 2
296 1
297 1
298 0
299 2
300 1
301 1
302 1
303 1
304 1
305 1
306 1
307 0
308 1
309 1
310 1
311 1
312 1
313 1
314 1
315 1
316 1
317 1
318 2
319 0
320 2
321 1
322 1
323 1
324 1
325 5
326 2
327 39
328 21
329 30
330 47
331 122
332 83
333 0
334 37
335 5
336 3
337 21
338 37
339 11
340 109
341 3
342 0
343 57
344 40
345 70
346 52
347 3
348 41
349 12
350 39
351 47
352 21
353 29
354 0
355 110
356 4
357 13
358 6
359 3
360 4
361 1
362 41
363 31
364 29
365 45
366 133
367 97
368 0
369 45
370 4
371 5
372 18
373 33
374 13
375 118
376 3
377 0
378 66
379 55
380 66
381 58
382 9
383 47
384 13
385 34
386 49
387 27
388 25
389 0
390 111
391 26
392 14
393 4
394 5
395 2
396 6
397 42
398 17
399 28
400 16
401 75
402 24
403 0
404 39
405 3
406 2
407 18
408 26
409 5
410 19
411 2
412 0
413 36
414 38
415 28
416 40
417 2
418 43
419 4
420 28
421 26
422 19
423 23
424 0
425 63
426 4
427 17
428 1
429 1
430 7
431 1
432 83
433 31
434 33
435 16
436 64
437 95
438 0
439 100
440 12
441 29
442 27
443 48
444 43
445 68
446 4
447 0
448 85
449 124
450 53
451 86
452 19
453 110
454 26
455 87
456 91
457 15
458 22
459 0
460 157
461 66
462 34
463 13
464 13
465 3
466 26
467 35
468 14
469 39
470 26
471 104
472 38
473 0
474 38
475 5
476 2
477 16
478 27
479 6
480 67
481 2
482 0
483 46
484 32
485 49
486 35
487 1
488 36
489 13
490 38
491 29
492 13
493 42
494 0
495 66
496 3
497 14
498 2
499 1
500 2
501 23
502 50
503 18
504 26
505 35
506 55
507 20
508 0
509 49
510 4
511 2
512 20
513 26
514 7
515 26
516 2
517 0
518 31
519 57
520 39
521 40
522 1
523 50
524 5
525 38
526 26
527 15
528 51
529 0
530 71
531 4
532 12
533 1
534 1
535 5
536 11
537 51
538 34
539 27
540 46
541 135
542 93
543 0
544 52
545 5
546 6
547 12
548 48
549 11
550 132
551 4
552 0
553 77
554 63
555 69
556 65
557 8
558 57
559 14
560 46
561 58
562 23
563 74
564 0
565 157
566 30
567 17
568 6
569 4
570 3
571 4
572 50
573 19
574 32
575 39
576 47
577 17
578 0
579 51
580 3
581 2
582 16
583 24
584 8
585 31
586 3
587 0
588 45
589 50
590 41
591 48
592 1
593 54
594 5
595 41
596 22
597 17
598 20
599 0
600 66
601 5
602 17
603 1
604 1
605 3
606 1
607 29
608 10
609 17
610 56
611 144
612 38
613 0
614 35
615 3
616 3
617 9
618 17
619 14
620 13
621 1
622 0
623 46
624 47
625 21
626 44
627 3
628 37
629 5
630 27
631 22
632 22
633 5
634 0
635 57
636 32
637 10
638 2
639 2
640 89
641 6
642 1
643 78
644 21
645 66
646 36
647 81
648 35
649 0
650 75
651 6
652 2
653 29
654 40
655 12
656 58
657 2
658 0
659 59
660 72
661 62
662 59
663 1
664 76
665 9
666 60
667 40
668 25
669 44
670 0
671 108
672 6
673 16
674 1
675 1
676 6
677 3
678 39
679 19
680 23
681 66
682 126
683 73
684 0
685 37
686 3
687 3
688 5
689 29
690 8
691 89
692 3
693 0
694 52
695 43
696 49
697 47
698 2
699 44
700 15
701 28
702 36
703 14
704 13
705 0
706 128
707 4
708 10
709 4
710 2
711 5
712 1
713 45
714 19
715 39
716 23
717 59
718 25
719 0
720 46
721 4
722 2
723 12
724 20
725 10
726 46
727 3
728 0
729 59
730 45
731 41
732 49
733 1
734 47
735 7
736 52
737 27
738 17
739 24
740 0
741 72
742 6
743 13
744 2
745 2
