0 6
1 1
2 62
3 31
4 29
5 37
6 118
7 99
8 0
9 55
10 9
11 16
12 20
13 50
14 42
15 73
16 2
17 0
18 79
19 94
20 69
21 81
22 18
23 62
24 24
25 56
26 78
27 147
28 60
29 0
30 125
31 69
32 22
33 4
34 32
35 4
36 1
37 27
38 18
39 29
40 48
41 113
42 57
43 0
44 28
45 3
46 3
47 12
48 25
49 8
50 61
51 2
52 0
53 59
54 27
55 46
56 27
57 3
58 27
59 12
60 29
61 30
62 13
63 16
64 0
65 80
66 3
67 15
68 2
69 3
70 9
71 2
72 68
73 35
74 25
75 45
76 128
77 96
78 0
79 61
80 6
81 5
82 25
83 51
84 24
85 114
86 3
87 0
88 75
89 97
90 77
91 86
92 11
93 64
94 18
95 50
96 79
97 29
98 48
99 0
100 164
101 19
102 18
103 6
104 14
105 4
106 1
107 58
108 17
109 35
110 25
111 38
112 27
113 0
114 58
115 5
116 3
117 24
118 23
119 9
120 39
121 2
122 0
123 49
124 53
125 49
126 52
127 1
128 58
129 6
130 51
131 26
132 16
133 36
134 0
135 70
136 5
137 12
138 2
139 1
140 8
141 123
142 4
143 7
144 1
145 1
146 28
147 2
148 2
149 2
150 14
151 14
152 0
153 26
154 2
155 1
156 1
157 8
158 2
159 11
160 1
161 0
162 7
163 32
164 10
165 13
166 1
167 33
168 3
169 23
170 18
171 15
172 2
173 0
174 16
175 3
176 4
177 1
178 1
179 10
180 9
181 1
182 54
183 36
184 28
185 32
186 127
187 93
188 0
189 51
190 8
191 5
192 30
193 40
194 16
195 83
196 2
197 0
198 72
199 61
200 61
201 67
202 10
203 63
204 18
205 49
206 67
207 28
208 35
209 0
210 141
211 31
212 12
213 10
214 19
215 4
216 1
217 42
218 24
219 28
220 35
221 116
222 83
223 0
224 39
225 11
226 12
227 24
228 33
229 12
230 105
231 2
232 0
233 53
234 53
235 49
236 50
237 17
238 48
239 14
240 39
241 56
242 58
243 54
244 0
245 120
246 18
247 9
248 8
249 35
250 3
251 2
252 31
253 16
254 25
255 16
256 76
257 72
258 0
259 35
260 2
261 4
262 40
263 25
264 4
265 19
266 1
267 0
268 30
269 37
270 24
271 34
272 7
273 36
274 4
275 18
276 41
277 20
278 12
279 0
280 69
281 12
282 10
283 2
284 5
285 6
286 1
287 1
288 1
289 2
290 2
291 2
292 4
293 2
294 0
295 1
296 1
297 2
298 2
299 1
300 1
301 2
302 1
303 0
304 3
305 2
306 2
307 2
308 2
309 2
310 1
311 1
312 2
313 1
314 3
315 0
316 3
317 2
318 1
319 2
320 2
321 3
322 2
323 44
324 20
325 19
326 16
327 57
328 32
329 0
330 39
331 3
332 1
333 20
334 22
335 8
336 19
337 2
338 0
339 32
340 40
341 36
342 37
343 3
344 42
345 3
346 38
347 28
348 14
349 35
350 0
351 68
352 5
353 12
354 2
355 1
356 2
357 3
358 35
359 20
360 24
361 47
362 94
363 27
364 0
365 35
366 4
367 7
368 31
369 26
370 8
371 15
372 2
373 0
374 41
375 41
376 26
377 43
378 3
379 37
380 8
381 33
382 30
383 19
384 42
385 0
386 104
387 9
388 14
389 3
390 6
391 2
392 71
393 5
394 5
395 2
396 1
397 20
398 5
399 4
400 16
401 16
402 5
403 0
404 21
405 2
406 1
407 10
408 13
409 3
410 6
411 2
412 0
413 8
414 19
415 15
416 22
417 1
418 24
419 1
420 13
421 7
422 7
423 8
424 0
425 23
426 3
427 6
428 1
429 1
430 2
431 1
432 23
433 7
434 4
435 13
436 19
437 4
438 0
439 23
440 2
441 2
442 8
443 13
444 5
445 10
446 1
447 0
448 12
449 24
450 12
451 23
452 1
453 25
454 2
455 20
456 10
457 6
458 7
459 0
460 22
461 2
462 7
463 1
464 1
465 4
466 2
467 27
468 13
469 13
470 48
471 23
472 10
473 0
474 25
475 2
476 1
477 16
478 13
479 6
480 12
481 3
482 0
483 20
484 20
485 20
486 26
487 1
488 25
489 2
490 25
491 15
492 11
493 27
494 0
495 31
496 3
497 10
498 1
499 1
500 4
501 6
502 60
503 16
504 36
505 39
506 37
507 31
508 0
509 56
510 6
511 1
512 18
513 20
514 11
515 42
516 4
517 0
518 47
519 50
520 56
521 41
522 2
523 58
524 6
525 49
526 31
527 14
528 33
529 0
530 64
531 5
532 16
533 2
534 2
535 3
536 12
537 38
538 14
539 32
540 25
541 81
542 63
543 0
544 39
545 5
546 3
547 16
548 39
549 11
550 92
551 3
552 0
553 48
554 36
555 61
556 32
557 2
558 42
559 13
560 31
561 30
562 17
563 31
564 0
565 96
566 3
567 11
568 2
569 3
570 5
571 2
572 46
573 17
574 25
575 24
576 88
577 59
578 0
579 38
580 4
581 3
582 22
583 28
584 7
585 21
586 2
587 0
588 24
589 41
590 39
591 44
592 4
593 40
594 6
595 29
596 33
597 19
598 39
599 0
600 84
601 7
602 18
603 2
604 2
605 4
606 3
607 46
608 29
609 30
610 35
611 106
612 86
613 0
614 40
615 5
616 2
617 15
618 38
619 11
620 85
621 5
622 0
623 58
624 50
625 63
626 46
627 4
628 47
629 13
630 37
631 41
632 12
633 27
634 0
635 117
636 7
637 13
638 2
639 3
640 2
641 17
642 9
643 2
644 70
645 46
646 34
647 53
648 141
649 138
650 0
651 72
652 11
653 16
654 14
655 62
656 37
657 134
658 3
659 0
660 107
661 107
662 76
663 92
664 23
665 80
666 24
667 61
668 85
669 54
670 40
671 0
672 194
673 58
674 31
675 12
676 11
677 28
