0 8
1 4
2 61
3 26
4 33
5 29
6 104
7 79
8 0
9 83
10 5
11 5
12 16
13 46
14 37
15 74
16 2
17 0
18 64
19 108
20 60
21 61
22 20
23 76
24 22
25 54
26 73
27 76
28 30
29 0
30 110
31 58
32 30
33 3
34 17
35 4
36 2
37 31
38 20
39 32
40 33
41 102
42 48
43 0
44 24
45 4
46 4
47 11
48 18
49 10
50 75
51 2
52 0
53 57
54 29
55 43
56 28
57 3
58 30
59 9
60 25
61 28
62 11
63 18
64 0
65 73
66 2
67 11
68 4
69 4
70 8
71 3
72 53
73 41
74 27
75 47
76 129
77 89
78 0
79 65
80 9
81 5
82 12
83 53
84 20
85 119
86 2
87 0
88 85
89 70
90 60
91 84
92 8
93 58
94 19
95 52
96 68
97 25
98 23
99 0
100 146
101 25
102 15
103 6
104 12
105 3
106 1
107 48
108 13
109 20
110 26
111 37
112 5
113 0
114 40
115 4
116 3
117 20
118 19
119 5
120 20
121 3
122 0
123 31
124 38
125 30
126 34
127 2
128 45
129 1
130 38
131 19
132 13
133 29
134 0
135 46
136 2
137 12
138 1
139 1
140 22
141 191
142 3
143 5
144 2
145 2
146 44
147 2
148 4
149 5
150 20
151 25
152 0
153 35
154 4
155 4
156 1
157 10
158 7
159 12
160 1
161 0
162 8
163 52
164 11
165 15
166 2
167 49
168 3
169 28
170 16
171 18
172 4
173 0
174 30
175 5
176 4
177 1
178 2
179 8
180 8
181 1
182 59
183 39
184 33
185 35
186 107
187 102
188 0
189 58
190 8
191 4
192 24
193 51
194 18
195 99
196 2
197 0
198 75
199 69
200 74
201 75
202 12
203 67
204 20
205 52
206 73
207 26
208 47
209 0
210 153
211 28
212 13
213 13
214 17
215 5
216 1
217 45
218 23
219 24
220 39
221 106
222 84
223 0
224 44
225 5
226 4
227 21
228 41
229 11
230 104
231 2
232 0
233 26
234 62
235 51
236 69
237 5
238 44
239 15
240 43
241 52
242 24
243 105
244 0
245 114
246 13
247 6
248 4
249 6
250 4
251 1
252 23
253 14
254 18
255 15
256 53
257 79
258 0
259 23
260 4
261 2
262 58
263 22
264 5
265 29
266 2
267 0
268 34
269 31
270 24
271 36
272 8
273 25
274 6
275 17
276 59
277 25
278 16
279 0
280 80
281 14
282 7
283 1
284 6
285 5
286 1
287 1
288 5
289 4
290 5
291 4
292 10
293 18
294 0
295 9
296 2
297 2
298 2
299 17
300 8
301 7
302 2
303 0
304 17
305 4
306 7
307 11
308 3
309 2
310 2
311 3
312 9
313 5
314 4
315 0
316 12
317 8
318 8
319 2
320 2
321 3
322 23
323 31
324 8
325 7
326 12
327 29
328 22
329 0
330 29
331 4
332 1
333 13
334 13
335 5
336 12
337 2
338 0
339 27
340 23
341 12
342 13
343 2
344 21
345 1
346 21
347 11
348 8
349 4
350 0
351 25
352 4
353 14
354 2
355 1
356 2
357 2
358 23
359 13
360 9
361 22
362 48
363 22
364 0
365 21
366 1
367 6
368 17
369 15
370 3
371 9
372 2
373 0
374 9
375 19
376 15
377 13
378 2
379 20
380 2
381 18
382 22
383 7
384 4
385 0
386 53
387 5
388 13
389 2
390 6
391 9
392 49
393 4
394 24
395 3
396 1
397 9
398 4
399 1
400 13
401 15
402 3
403 0
404 11
405 1
406 1
407 5
408 2
409 3
410 6
411 1
412 0
413 6
414 10
415 6
416 9
417 2
418 9
419 2
420 9
421 4
422 4
423 4
424 0
425 9
426 1
427 5
428 1
429 1
430 1
431 1
432 25
433 5
434 2
435 12
436 16
437 4
438 0
439 21
440 2
441 1
442 7
443 8
444 4
445 8
446 1
447 0
448 8
449 21
450 12
451 17
452 1
453 24
454 1
455 18
456 7
457 4
458 5
459 0
460 16
461 2
462 5
463 2
464 1
465 4
466 1
467 26
468 14
469 30
470 54
471 39
472 7
473 0
474 29
475 2
476 1
477 17
478 15
479 8
480 19
481 3
482 0
483 31
484 22
485 21
486 27
487 1
488 27
489 2
490 27
491 9
492 14
493 18
494 0
495 34
496 3
497 12
498 1
499 1
500 4
501 2
502 52
503 14
504 27
505 34
506 46
507 11
508 0
509 49
510 3
511 1
512 24
513 17
514 7
515 25
516 3
517 0
518 30
519 44
520 29
521 32
522 2
523 53
524 2
525 47
526 19
527 14
528 28
529 0
530 51
531 2
532 10
533 1
534 1
535 3
536 4
537 25
538 8
539 28
540 26
541 84
542 71
543 0
544 29
545 5
546 2
547 10
548 37
549 9
550 93
551 2
552 0
553 45
554 24
555 49
556 45
557 2
558 28
559 17
560 22
561 36
562 9
563 16
564 0
565 90
566 3
567 13
568 1
569 3
570 6
571 4
572 39
573 16
574 20
575 21
576 77
577 65
578 0
579 35
580 7
581 5
582 25
583 30
584 8
585 27
586 3
587 0
588 18
589 36
590 30
591 47
592 7
593 39
594 4
595 29
596 31
597 22
598 47
599 0
600 97
601 8
602 18
603 3
604 3
605 7
606 2
607 32
608 22
609 18
610 26
611 85
612 49
613 0
614 31
615 5
616 3
617 8
618 29
619 6
620 74
621 3
622 0
623 39
624 41
625 43
626 44
627 1
628 35
629 11
630 22
631 44
632 12
633 102
634 0
635 115
636 3
637 7
638 2
639 2
640 2
641 17
642 7
643 1
644 62
645 42
646 32
647 47
648 129
649 131
650 0
651 69
652 6
653 7
654 14
655 64
656 28
657 136
658 4
659 0
660 96
661 87
662 76
663 98
664 8
665 71
666 24
667 52
668 39
669 28
670 21
671 0
672 184
673 59
674 24
675 16
676 10
677 15
