0 6
1 3
2 66
3 27
4 28
5 30
6 111
7 48
8 0
9 67
10 8
11 6
12 14
13 57
14 38
15 67
16 2
17 0
18 75
19 100
20 65
21 60
22 17
23 75
24 21
25 56
26 50
27 132
28 9
29 0
30 101
31 73
32 28
33 5
34 26
35 5
36 2
37 29
38 21
39 41
40 32
41 96
42 48
43 0
44 27
45 3
46 5
47 10
48 20
49 9
50 71
51 2
52 0
53 55
54 32
55 46
56 28
57 3
58 32
59 9
60 20
61 27
62 13
63 18
64 0
65 65
66 3
67 11
68 5
69 4
70 8
71 3
72 51
73 40
74 27
75 48
76 136
77 88
78 0
79 62
80 7
81 6
82 13
83 65
84 21
85 118
86 2
87 0
88 87
89 77
90 60
91 112
92 7
93 62
94 17
95 52
96 69
97 26
98 25
99 0
100 162
101 20
102 15
103 8
104 11
105 3
106 1
107 43
108 11
109 7
110 26
111 34
112 5
113 0
114 49
115 4
116 3
117 20
118 19
119 5
120 21
121 3
122 0
123 31
124 37
125 32
126 33
127 2
128 44
129 1
130 37
131 19
132 13
133 16
134 0
135 47
136 3
137 12
138 1
139 1
140 21
141 216
142 3
143 5
144 1
145 1
146 48
147 2
148 5
149 5
150 22
151 23
152 0
153 33
154 4
155 4
156 2
157 10
158 6
159 13
160 1
161 0
162 7
163 44
164 9
165 17
166 2
167 58
168 3
169 28
170 13
171 18
172 3
173 0
174 32
175 4
176 4
177 2
178 1
179 7
180 9
181 1
182 52
183 39
184 34
185 34
186 98
187 107
188 0
189 55
190 8
191 5
192 20
193 57
194 18
195 94
196 2
197 0
198 70
199 76
200 72
201 76
202 9
203 60
204 20
205 49
206 68
207 27
208 42
209 0
210 152
211 27
212 12
213 10
214 17
215 5
216 1
217 41
218 20
219 22
220 37
221 98
222 86
223 0
224 45
225 5
226 4
227 23
228 39
229 10
230 99
231 2
232 0
233 19
234 57
235 48
236 69
237 5
238 44
239 10
240 43
241 52
242 25
243 92
244 0
245 150
246 14
247 7
248 4
249 6
250 4
251 1
252 20
253 15
254 23
255 6
256 65
257 79
258 0
259 16
260 4
261 1
262 85
263 23
264 4
265 34
266 2
267 0
268 35
269 29
270 22
271 43
272 7
273 23
274 6
275 17
276 49
277 22
278 15
279 0
280 80
281 14
282 6
283 2
284 7
285 4
286 3
287 1
288 8
289 7
290 2
291 7
292 12
293 28
294 0
295 9
296 1
297 3
298 2
299 13
300 6
301 20
302 2
303 0
304 22
305 15
306 3
307 10
308 2
309 12
310 2
311 6
312 15
313 3
314 5
315 0
316 23
317 9
318 10
319 2
320 2
321 2
322 43
323 14
324 9
325 7
326 34
327 29
328 24
329 0
330 22
331 3
332 1
333 20
334 15
335 3
336 10
337 2
338 0
339 22
340 20
341 19
342 8
343 2
344 22
345 2
346 10
347 8
348 5
349 2
350 0
351 25
352 5
353 14
354 2
355 2
356 2
357 2
358 16
359 11
360 7
361 23
362 42
363 30
364 0
365 16
366 1
367 6
368 16
369 9
370 3
371 7
372 2
373 0
374 9
375 22
376 15
377 18
378 2
379 18
380 2
381 12
382 6
383 7
384 5
385 0
386 61
387 4
388 16
389 2
390 9
391 12
392 47
393 5
394 24
395 3
396 1
397 9
398 4
399 1
400 14
401 19
402 4
403 0
404 11
405 1
406 1
407 5
408 2
409 3
410 6
411 1
412 0
413 6
414 8
415 6
416 8
417 2
418 9
419 2
420 7
421 4
422 3
423 5
424 0
425 10
426 1
427 5
428 1
429 1
430 1
431 1
432 25
433 5
434 2
435 12
436 15
437 4
438 0
439 22
440 2
441 1
442 9
443 7
444 5
445 9
446 1
447 0
448 8
449 23
450 11
451 17
452 1
453 23
454 2
455 16
456 8
457 4
458 4
459 0
460 19
461 2
462 5
463 3
464 1
465 4
466 1
467 30
468 14
469 26
470 31
471 43
472 8
473 0
474 30
475 2
476 1
477 14
478 16
479 8
480 19
481 3
482 0
483 30
484 21
485 18
486 27
487 1
488 25
489 2
490 25
491 12
492 14
493 18
494 0
495 35
496 3
497 13
498 1
499 1
500 5
501 2
502 39
503 15
504 27
505 35
506 47
507 10
508 0
509 34
510 2
511 1
512 25
513 18
514 8
515 24
516 3
517 0
518 27
519 42
520 29
521 31
522 1
523 37
524 2
525 41
526 17
527 13
528 29
529 0
530 46
531 3
532 12
533 1
534 1
535 3
536 4
537 27
538 11
539 30
540 34
541 61
542 70
543 0
544 28
545 7
546 2
547 11
548 38
549 10
550 81
551 2
552 0
553 44
554 20
555 52
556 48
557 2
558 28
559 16
560 27
561 37
562 11
563 17
564 0
565 93
566 4
567 11
568 3
569 2
570 7
571 6
572 35
573 17
574 20
575 20
576 73
577 64
578 0
579 35
580 7
581 4
582 26
583 33
584 9
585 23
586 2
587 0
588 18
589 33
590 30
591 46
592 5
593 40
594 4
595 31
596 29
597 26
598 41
599 0
600 95
601 7
602 18
603 2
604 3
605 7
606 2
607 32
608 21
609 24
610 29
611 70
612 49
613 0
614 31
615 6
616 2
617 8
618 38
619 6
620 67
621 4
622 0
623 43
624 43
625 35
626 39
627 2
628 42
629 11
630 17
631 45
632 11
633 68
634 0
635 124
636 3
637 6
638 2
639 2
640 2
641 13
642 7
643 1
644 63
645 46
646 34
647 51
648 121
649 131
650 0
651 68
652 6
653 7
654 10
655 61
656 28
657 140
658 3
659 0
660 94
661 87
662 71
663 85
664 9
665 62
666 26
667 52
668 91
669 29
670 26
671 0
672 184
673 58
674 26
675 17
676 8
677 14
