0 8
1 2
2 45
3 31
4 34
5 44
6 113
7 114
8 0
9 68
10 12
11 15
12 20
13 54
14 37
15 76
16 2
17 0
18 89
19 102
20 65
21 91
22 23
23 76
24 25
25 49
26 67
27 128
28 56
29 0
30 121
31 68
32 27
33 6
34 30
35 3
36 2
37 34
38 20
39 28
40 43
41 110
42 53
43 0
44 35
45 3
46 3
47 14
48 28
49 7
50 78
51 2
52 0
53 58
54 34
55 48
56 39
57 2
58 38
59 13
60 30
61 27
62 14
63 18
64 0
65 75
66 3
67 15
68 3
69 2
70 10
71 1
72 56
73 37
74 27
75 41
76 129
77 96
78 0
79 56
80 7
81 4
82 18
83 58
84 22
85 120
86 3
87 0
88 82
89 80
90 81
91 80
92 11
93 63
94 19
95 51
96 71
97 27
98 41
99 0
100 177
101 24
102 19
103 6
104 14
105 4
106 1
107 53
108 16
109 34
110 21
111 37
112 30
113 0
114 52
115 5
116 2
117 22
118 26
119 8
120 38
121 3
122 0
123 52
124 52
125 45
126 43
127 2
128 56
129 7
130 53
131 27
132 18
133 24
134 0
135 78
136 5
137 12
138 2
139 2
140 5
141 104
142 8
143 7
144 1
145 2
146 38
147 2
148 7
149 3
150 17
151 14
152 0
153 46
154 2
155 2
156 1
157 9
158 3
159 12
160 1
161 0
162 5
163 49
164 7
165 15
166 1
167 45
168 3
169 29
170 17
171 13
172 2
173 0
174 19
175 3
176 4
177 2
178 2
179 8
180 7
181 1
182 49
183 36
184 30
185 28
186 123
187 102
188 0
189 53
190 7
191 4
192 28
193 40
194 15
195 92
196 3
197 0
198 72
199 55
200 59
201 65
202 20
203 49
204 15
205 45
206 66
207 28
208 35
209 0
210 155
211 36
212 12
213 9
214 20
215 4
216 2
217 43
218 24
219 27
220 33
221 117
222 80
223 0
224 44
225 11
226 15
227 28
228 32
229 10
230 105
231 3
232 0
233 45
234 50
235 55
236 56
237 15
238 42
239 13
240 40
241 51
242 25
243 78
244 0
245 124
246 22
247 9
248 9
249 40
250 3
251 3
252 31
253 16
254 27
255 16
256 60
257 47
258 0
259 31
260 3
261 3
262 57
263 24
264 6
265 22
266 1
267 0
268 31
269 36
270 25
271 35
272 5
273 31
274 4
275 21
276 45
277 18
278 14
279 0
280 68
281 13
282 8
283 2
284 6
285 7
286 1
287 1
288 1
289 2
290 1
291 2
292 4
293 2
294 0
295 2
296 1
297 1
298 2
299 1
300 2
301 2
302 1
303 0
304 3
305 2
306 1
307 2
308 2
309 2
310 1
311 2
312 2
313 1
314 2
315 0
316 3
317 2
318 1
319 2
320 2
321 3
322 3
323 45
324 16
325 20
326 20
327 62
328 25
329 0
330 42
331 3
332 2
333 22
334 22
335 7
336 17
337 1
338 0
339 40
340 40
341 36
342 37
343 2
344 41
345 3
346 38
347 28
348 16
349 29
350 0
351 69
352 6
353 14
354 2
355 1
356 3
357 2
358 30
359 17
360 22
361 49
362 78
363 35
364 0
365 35
366 3
367 4
368 26
369 27
370 7
371 17
372 1
373 0
374 34
375 41
376 29
377 42
378 5
379 36
380 8
381 31
382 36
383 14
384 24
385 0
386 94
387 10
388 16
389 3
390 5
391 2
392 74
393 4
394 44
395 2
396 1
397 24
398 5
399 5
400 12
401 14
402 6
403 0
404 17
405 2
406 2
407 8
408 12
409 4
410 6
411 2
412 0
413 9
414 19
415 11
416 21
417 1
418 25
419 1
420 17
421 10
422 6
423 7
424 0
425 20
426 3
427 6
428 1
429 1
430 2
431 1
432 21
433 6
434 5
435 14
436 19
437 4
438 0
439 18
440 2
441 2
442 6
443 12
444 4
445 8
446 1
447 0
448 12
449 21
450 13
451 18
452 1
453 23
454 2
455 19
456 10
457 6
458 6
459 0
460 23
461 2
462 7
463 1
464 1
465 3
466 2
467 25
468 13
469 13
470 42
471 27
472 9
473 0
474 33
475 2
476 1
477 13
478 12
479 5
480 15
481 2
482 0
483 18
484 19
485 22
486 25
487 2
488 27
489 2
490 24
491 13
492 11
493 28
494 0
495 34
496 3
497 11
498 1
499 1
500 4
501 8
502 58
503 14
504 35
505 36
506 38
507 28
508 0
509 51
510 6
511 1
512 24
513 26
514 10
515 33
516 3
517 0
518 48
519 48
520 56
521 39
522 2
523 53
524 7
525 55
526 28
527 17
528 53
529 0
530 62
531 5
532 16
533 2
534 2
535 4
536 10
537 39
538 11
539 28
540 24
541 85
542 66
543 0
544 37
545 4
546 3
547 21
548 36
549 9
550 86
551 3
552 0
553 50
554 38
555 58
556 37
557 2
558 43
559 13
560 28
561 32
562 15
563 31
564 0
565 88
566 4
567 14
568 2
569 3
570 5
571 2
572 42
573 19
574 27
575 17
576 77
577 55
578 0
579 39
580 5
581 3
582 18
583 30
584 8
585 19
586 2
587 0
588 31
589 42
590 32
591 44
592 5
593 44
594 5
595 34
596 30
597 19
598 25
599 0
600 88
601 8
602 17
603 2
604 2
605 6
606 2
607 43
608 28
609 29
610 43
611 107
612 79
613 0
614 41
615 4
616 3
617 11
618 35
619 10
620 88
621 6
622 0
623 54
624 46
625 54
626 47
627 3
628 41
629 10
630 34
631 47
632 14
633 37
634 0
635 115
636 5
637 11
638 4
639 3
640 2
641 15
642 8
643 3
644 70
645 44
646 38
647 44
648 133
649 133
650 0
651 82
652 7
653 15
654 17
655 65
656 37
657 126
658 3
659 0
660 103
661 105
662 79
663 100
664 22
665 78
666 23
667 64
668 87
669 79
670 41
671 0
672 196
673 59
674 26
675 13
676 10
677 21
