0 9
1 4
2 57
3 33
4 30
5 22
6 106
7 79
8 0
9 81
10 4
11 5
12 14
13 41
14 41
15 66
16 2
17 0
18 67
19 99
20 49
21 51
22 27
23 77
24 20
25 51
26 77
27 106
28 9
29 0
30 136
31 56
32 28
33 5
34 25
35 4
36 2
37 32
38 22
39 19
40 33
41 86
42 49
43 0
44 30
45 4
46 3
47 12
48 20
49 10
50 76
51 2
52 0
53 57
54 27
55 40
56 30
57 3
58 28
59 8
60 22
61 31
62 13
63 10
64 0
65 70
66 2
67 12
68 5
69 4
70 7
71 2
72 59
73 40
74 29
75 56
76 97
77 91
78 0
79 61
80 8
81 6
82 14
83 41
84 23
85 125
86 2
87 0
88 76
89 68
90 56
91 82
92 7
93 59
94 19
95 51
96 72
97 24
98 20
99 0
100 149
101 24
102 15
103 6
104 14
105 3
106 1
107 45
108 13
109 14
110 28
111 37
112 9
113 0
114 44
115 4
116 3
117 21
118 17
119 5
120 21
121 2
122 0
123 30
124 39
125 32
126 34
127 2
128 46
129 1
130 39
131 19
132 12
133 21
134 0
135 49
136 2
137 13
138 1
139 1
140 26
141 203
142 1
143 6
144 2
145 4
146 40
147 1
148 4
149 4
150 16
151 24
152 0
153 40
154 4
155 5
156 1
157 9
158 4
159 15
160 1
161 0
162 9
163 53
164 11
165 11
166 2
167 43
168 3
169 30
170 16
171 17
172 4
173 0
174 29
175 4
176 5
177 2
178 1
179 7
180 9
181 1
182 57
183 38
184 31
185 34
186 106
187 101
188 0
189 64
190 9
191 4
192 21
193 53
194 17
195 94
196 2
197 0
198 68
199 64
200 74
201 76
202 11
203 56
204 21
205 51
206 66
207 27
208 39
209 0
210 168
211 29
212 12
213 14
214 17
215 5
216 1
217 41
218 24
219 25
220 37
221 94
222 83
223 0
224 48
225 5
226 4
227 21
228 39
229 10
230 110
231 3
232 0
233 34
234 59
235 51
236 68
237 6
238 47
239 12
240 40
241 53
242 26
243 105
244 0
245 108
246 17
247 5
248 4
249 6
250 4
251 1
252 24
253 13
254 25
255 17
256 64
257 77
258 0
259 22
260 3
261 1
262 64
263 22
264 5
265 29
266 1
267 0
268 37
269 33
270 36
271 39
272 7
273 19
274 6
275 19
276 64
277 33
278 10
279 0
280 72
281 13
282 5
283 2
284 7
285 6
286 2
287 1
288 5
289 10
290 2
291 6
292 9
293 10
294 0
295 8
296 2
297 3
298 2
299 9
300 8
301 10
302 2
303 0
304 19
305 1
306 6
307 8
308 3
309 3
310 2
311 2
312 7
313 2
314 4
315 0
316 15
317 7
318 9
319 2
320 2
321 3
322 16
323 23
324 8
325 8
326 16
327 35
328 23
329 0
330 26
331 4
332 1
333 15
334 14
335 4
336 8
337 2
338 0
339 27
340 21
341 19
342 14
343 2
344 23
345 2
346 20
347 10
348 8
349 3
350 0
351 17
352 4
353 11
354 2
355 2
356 2
357 1
358 17
359 12
360 6
361 22
362 44
363 22
364 0
365 24
366 1
367 6
368 16
369 13
370 4
371 8
372 2
373 0
374 6
375 19
376 18
377 16
378 2
379 21
380 3
381 16
382 25
383 7
384 5
385 0
386 46
387 4
388 14
389 2
390 8
391 4
392 52
393 4
394 28
395 3
396 1
397 9
398 4
399 1
400 14
401 16
402 4
403 0
404 11
405 1
406 1
407 5
408 2
409 2
410 5
411 1
412 0
413 6
414 9
415 6
416 10
417 2
418 8
419 2
420 8
421 5
422 4
423 5
424 0
425 9
426 1
427 6
428 1
429 1
430 1
431 1
432 24
433 4
434 1
435 13
436 16
437 5
438 0
439 22
440 2
441 1
442 8
443 7
444 2
445 9
446 1
447 0
448 8
449 24
450 10
451 17
452 1
453 23
454 1
455 15
456 6
457 4
458 6
459 0
460 18
461 2
462 5
463 3
464 1
465 5
466 1
467 26
468 14
469 30
470 53
471 45
472 7
473 0
474 29
475 2
476 1
477 14
478 14
479 8
480 20
481 3
482 0
483 29
484 22
485 23
486 26
487 1
488 29
489 4
490 33
491 11
492 14
493 19
494 0
495 37
496 4
497 11
498 1
499 1
500 5
501 1
502 53
503 13
504 27
505 32
506 46
507 11
508 0
509 49
510 2
511 1
512 24
513 16
514 7
515 24
516 3
517 0
518 27
519 45
520 29
521 33
522 2
523 53
524 4
525 46
526 19
527 14
528 29
529 0
530 49
531 2
532 8
533 1
534 1
535 3
536 3
537 22
538 11
539 26
540 26
541 73
542 78
543 0
544 32
545 4
546 2
547 11
548 35
549 8
550 89
551 3
552 0
553 42
554 22
555 58
556 41
557 2
558 24
559 18
560 23
561 39
562 9
563 22
564 0
565 93
566 3
567 10
568 2
569 2
570 6
571 4
572 39
573 17
574 20
575 18
576 75
577 57
578 0
579 35
580 6
581 5
582 25
583 33
584 7
585 20
586 3
587 0
588 17
589 33
590 31
591 47
592 5
593 44
594 4
595 28
596 30
597 23
598 33
599 0
600 96
601 8
602 17
603 3
604 3
605 7
606 1
607 39
608 19
609 17
610 34
611 56
612 50
613 0
614 34
615 6
616 3
617 7
618 40
619 6
620 95
621 3
622 0
623 51
624 41
625 26
626 28
627 1
628 33
629 12
630 20
631 48
632 13
633 102
634 0
635 113
636 3
637 10
638 3
639 2
640 1
641 12
642 9
643 1
644 62
645 43
646 33
647 50
648 129
649 129
650 0
651 61
652 6
653 8
654 9
655 64
656 29
657 136
658 4
659 0
660 98
661 90
662 76
663 103
664 9
665 69
666 24
667 51
668 38
669 28
670 23
671 0
672 188
673 60
674 26
675 15
676 10
677 11
