0 4
1 4
2 70
3 27
4 26
5 32
6 94
7 70
8 0
9 48
10 7
11 6
12 15
13 50
14 34
15 67
16 2
17 0
18 70
19 82
20 55
21 57
22 17
23 73
24 22
25 58
26 36
27 111
28 14
29 0
30 98
31 69
32 18
33 4
34 32
35 3
36 2
37 31
38 19
39 22
40 31
41 99
42 45
43 0
44 27
45 4
46 5
47 13
48 20
49 11
50 71
51 3
52 0
53 56
54 24
55 49
56 28
57 3
58 32
59 8
60 22
61 27
62 11
63 26
64 0
65 70
66 3
67 12
68 5
69 4
70 8
71 3
72 57
73 43
74 25
75 44
76 124
77 91
78 0
79 63
80 7
81 3
82 15
83 52
84 20
85 122
86 2
87 0
88 80
89 70
90 70
91 86
92 6
93 67
94 16
95 53
96 80
97 25
98 51
99 0
100 136
101 25
102 17
103 6
104 14
105 3
106 2
107 47
108 14
109 16
110 25
111 28
112 6
113 0
114 41
115 4
116 3
117 22
118 17
119 6
120 15
121 3
122 0
123 29
124 37
125 28
126 35
127 2
128 47
129 1
130 41
131 17
132 12
133 26
134 0
135 47
136 3
137 13
138 1
139 1
140 33
141 138
142 3
143 4
144 2
145 2
146 51
147 2
148 4
149 5
150 23
151 18
152 0
153 42
154 3
155 4
156 1
157 10
158 6
159 12
160 1
161 0
162 6
163 49
164 8
165 13
166 2
167 51
168 3
169 32
170 11
171 18
172 4
173 0
174 26
175 5
176 6
177 2
178 2
179 7
180 9
181 1
182 53
183 38
184 36
185 36
186 114
187 100
188 0
189 53
190 11
191 4
192 22
193 51
194 19
195 97
196 2
197 0
198 68
199 73
200 72
201 74
202 9
203 58
204 20
205 46
206 74
207 27
208 44
209 0
210 150
211 29
212 11
213 14
214 19
215 4
216 1
217 45
218 23
219 23
220 27
221 103
222 87
223 0
224 45
225 5
226 2
227 19
228 38
229 8
230 109
231 2
232 0
233 18
234 54
235 50
236 73
237 7
238 45
239 13
240 46
241 50
242 26
243 86
244 0
245 141
246 12
247 7
248 5
249 6
250 3
251 1
252 24
253 16
254 23
255 14
256 45
257 69
258 0
259 18
260 4
261 2
262 25
263 16
264 6
265 21
266 1
267 0
268 40
269 25
270 32
271 27
272 4
273 19
274 6
275 17
276 47
277 43
278 9
279 0
280 84
281 16
282 3
283 3
284 8
285 4
286 2
287 1
288 9
289 13
290 2
291 13
292 14
293 15
294 0
295 5
296 1
297 2
298 3
299 20
300 9
301 8
302 2
303 0
304 23
305 11
306 4
307 24
308 3
309 4
310 2
311 5
312 11
313 3
314 7
315 0
316 25
317 4
318 10
319 2
320 3
321 3
322 8
323 18
324 8
325 5
326 12
327 24
328 23
329 0
330 19
331 4
332 2
333 17
334 18
335 2
336 6
337 2
338 0
339 18
340 12
341 22
342 14
343 2
344 21
345 2
346 11
347 10
348 5
349 2
350 0
351 31
352 3
353 11
354 2
355 2
356 1
357 3
358 18
359 11
360 5
361 17
362 31
363 19
364 0
365 19
366 2
367 7
368 18
369 9
370 3
371 6
372 2
373 0
374 23
375 19
376 16
377 14
378 1
379 23
380 3
381 13
382 8
383 37
384 3
385 0
386 52
387 5
388 12
389 2
390 5
391 1
392 49
393 4
394 26
395 3
396 1
397 20
398 10
399 2
400 34
401 22
402 3
403 0
404 20
405 2
406 1
407 14
408 7
409 4
410 8
411 2
412 0
413 17
414 21
415 13
416 11
417 2
418 16
419 1
420 9
421 10
422 8
423 13
424 0
425 16
426 2
427 5
428 1
429 1
430 1
431 1
432 26
433 5
434 2
435 13
436 18
437 4
438 0
439 23
440 2
441 1
442 9
443 7
444 3
445 8
446 1
447 0
448 16
449 21
450 11
451 16
452 1
453 24
454 1
455 19
456 7
457 4
458 3
459 0
460 17
461 2
462 5
463 2
464 1
465 4
466 2
467 24
468 14
469 31
470 39
471 38
472 7
473 0
474 30
475 2
476 1
477 19
478 17
479 6
480 20
481 2
482 0
483 30
484 23
485 24
486 27
487 1
488 25
489 3
490 26
491 11
492 13
493 18
494 0
495 37
496 3
497 11
498 1
499 1
500 4
501 7
502 37
503 14
504 27
505 34
506 48
507 11
508 0
509 42
510 3
511 1
512 22
513 14
514 6
515 24
516 2
517 0
518 30
519 44
520 27
521 29
522 1
523 41
524 2
525 37
526 21
527 13
528 29
529 0
530 56
531 2
532 9
533 1
534 1
535 3
536 6
537 21
538 14
539 21
540 17
541 94
542 70
543 0
544 19
545 7
546 2
547 13
548 36
549 11
550 96
551 2
552 0
553 51
554 20
555 51
556 51
557 3
558 24
559 14
560 20
561 35
562 12
563 25
564 0
565 95
566 4
567 13
568 1
569 3
570 5
571 5
572 40
573 18
574 20
575 17
576 75
577 61
578 0
579 38
580 6
581 4
582 28
583 32
584 8
585 25
586 2
587 0
588 15
589 37
590 31
591 49
592 8
593 43
594 5
595 34
596 28
597 21
598 49
599 0
600 96
601 9
602 16
603 3
604 3
605 5
606 2
607 30
608 21
609 17
610 28
611 64
612 48
613 0
614 31
615 6
616 2
617 10
618 31
619 6
620 85
621 5
622 0
623 39
624 41
625 37
626 53
627 2
628 34
629 12
630 19
631 43
632 11
633 155
634 0
635 115
636 3
637 10
638 3
639 3
640 1
641 15
642 7
643 1
644 73
645 41
646 26
647 43
648 129
649 136
650 0
651 65
652 7
653 8
654 11
655 62
656 26
657 146
658 5
659 0
660 98
661 82
662 74
663 97
664 9
665 76
666 26
667 53
668 90
669 29
670 23
671 0
672 197
673 62
674 23
675 15
676 11
677 13
