0 9
1 1
2 72
3 29
4 34
5 29
6 101
7 74
8 0
9 65
10 8
11 10
12 16
13 53
14 37
15 75
16 2
17 0
18 84
19 103
20 65
21 70
22 30
23 71
24 23
25 52
26 45
27 150
28 47
29 0
30 142
31 67
32 30
33 5
34 38
35 4
36 2
37 34
38 19
39 37
40 35
41 107
42 66
43 0
44 32
45 4
46 3
47 12
48 23
49 9
50 57
51 2
52 0
53 54
54 28
55 53
56 35
57 2
58 35
59 11
60 24
61 27
62 14
63 33
64 0
65 80
66 3
67 13
68 2
69 3
70 8
71 2
72 53
73 39
74 29
75 32
76 125
77 101
78 0
79 54
80 7
81 3
82 14
83 52
84 23
85 121
86 3
87 0
88 79
89 80
90 74
91 81
92 10
93 56
94 17
95 50
96 73
97 28
98 74
99 0
100 161
101 18
102 18
103 6
104 9
105 4
106 1
107 56
108 18
109 36
110 35
111 40
112 27
113 0
114 57
115 4
116 3
117 27
118 26
119 9
120 41
121 3
122 0
123 50
124 51
125 52
126 46
127 1
128 60
129 6
130 52
131 28
132 18
133 34
134 0
135 76
136 5
137 14
138 2
139 2
140 11
141 132
142 3
143 5
144 1
145 1
146 33
147 2
148 2
149 5
150 15
151 13
152 0
153 27
154 2
155 1
156 1
157 9
158 2
159 12
160 1
161 0
162 5
163 36
164 8
165 12
166 1
167 35
168 2
169 22
170 17
171 13
172 2
173 0
174 18
175 3
176 5
177 1
178 1
179 7
180 9
181 1
182 55
183 39
184 29
185 32
186 122
187 95
188 0
189 52
190 6
191 3
192 22
193 40
194 15
195 90
196 2
197 0
198 70
199 58
200 54
201 68
202 10
203 54
204 15
205 43
206 72
207 27
208 41
209 0
210 137
211 20
212 13
213 8
214 13
215 3
216 1
217 44
218 25
219 24
220 32
221 115
222 92
223 0
224 40
225 7
226 11
227 20
228 32
229 10
230 104
231 2
232 0
233 37
234 43
235 53
236 56
237 25
238 42
239 16
240 36
241 51
242 46
243 98
244 0
245 106
246 13
247 9
248 12
249 29
250 3
251 3
252 30
253 18
254 27
255 15
256 68
257 52
258 0
259 30
260 3
261 3
262 53
263 23
264 4
265 18
266 1
267 0
268 27
269 37
270 30
271 32
272 3
273 30
274 4
275 25
276 48
277 19
278 15
279 0
280 69
281 12
282 12
283 2
284 6
285 7
286 1
287 2
288 2
289 2
290 2
291 1
292 5
293 2
294 0
295 2
296 1
297 1
298 1
299 1
300 1
301 2
302 1
303 0
304 2
305 1
306 1
307 2
308 2
309 2
310 1
311 1
312 1
313 1
314 2
315 0
316 3
317 2
318 1
319 2
320 2
321 4
322 2
323 44
324 17
325 25
326 19
327 64
328 22
329 0
330 41
331 2
332 1
333 23
334 20
335 8
336 13
337 2
338 0
339 32
340 35
341 27
342 37
343 3
344 50
345 3
346 37
347 25
348 18
349 28
350 0
351 63
352 5
353 14
354 2
355 1
356 3
357 2
358 35
359 19
360 21
361 44
362 89
363 52
364 0
365 34
366 3
367 5
368 21
369 26
370 6
371 24
372 2
373 0
374 29
375 41
376 30
377 43
378 4
379 32
380 4
381 31
382 36
383 30
384 49
385 0
386 103
387 7
388 14
389 3
390 6
391 2
392 79
393 5
394 43
395 2
396 1
397 21
398 5
399 5
400 14
401 14
402 5
403 0
404 17
405 2
406 2
407 8
408 14
409 4
410 8
411 1
412 0
413 8
414 20
415 12
416 20
417 1
418 25
419 1
420 17
421 10
422 6
423 14
424 0
425 18
426 3
427 6
428 1
429 1
430 2
431 1
432 22
433 6
434 4
435 13
436 16
437 5
438 0
439 19
440 2
441 2
442 8
443 13
444 5
445 8
446 1
447 0
448 13
449 22
450 13
451 22
452 1
453 23
454 1
455 17
456 8
457 5
458 14
459 0
460 21
461 2
462 7
463 1
464 1
465 4
466 1
467 28
468 14
469 15
470 56
471 29
472 8
473 0
474 24
475 1
476 1
477 14
478 13
479 4
480 14
481 2
482 0
483 19
484 25
485 19
486 18
487 1
488 23
489 2
490 21
491 12
492 10
493 11
494 0
495 32
496 3
497 9
498 1
499 1
500 5
501 3
502 57
503 14
504 34
505 45
506 40
507 29
508 0
509 58
510 6
511 2
512 26
513 23
514 10
515 47
516 5
517 0
518 48
519 53
520 49
521 41
522 1
523 65
524 6
525 54
526 24
527 12
528 50
529 0
530 51
531 5
532 17
533 2
534 2
535 4
536 6
537 39
538 13
539 29
540 27
541 93
542 66
543 0
544 39
545 4
546 4
547 13
548 41
549 9
550 100
551 3
552 0
553 49
554 36
555 50
556 42
557 2
558 40
559 13
560 30
561 28
562 11
563 24
564 0
565 94
566 4
567 14
568 3
569 2
570 5
571 2
572 40
573 19
574 26
575 22
576 82
577 50
578 0
579 35
580 5
581 3
582 24
583 33
584 8
585 21
586 2
587 0
588 37
589 40
590 36
591 42
592 3
593 41
594 6
595 34
596 30
597 20
598 46
599 0
600 94
601 7
602 18
603 3
604 2
605 5
606 2
607 39
608 30
609 25
610 60
611 108
612 53
613 0
614 44
615 4
616 4
617 13
618 33
619 12
620 83
621 5
622 0
623 59
624 47
625 49
626 51
627 2
628 43
629 14
630 32
631 40
632 11
633 37
634 0
635 111
636 5
637 11
638 3
639 3
640 3
641 17
642 8
643 2
644 74
645 43
646 48
647 70
648 148
649 138
650 0
651 87
652 10
653 13
654 17
655 62
656 32
657 145
658 3
659 0
660 103
661 110
662 68
663 107
664 53
665 88
666 26
667 67
668 84
669 59
670 43
671 0
672 196
673 69
674 35
675 12
676 17
677 25
