0 8
1 1
2 60
3 33
4 27
5 32
6 105
7 71
8 0
9 65
10 9
11 12
12 16
13 51
14 31
15 76
16 3
17 0
18 85
19 99
20 60
21 81
22 31
23 72
24 22
25 55
26 66
27 134
28 67
29 0
30 138
31 71
32 29
33 7
34 30
35 3
36 1
37 30
38 21
39 27
40 29
41 103
42 65
43 0
44 30
45 3
46 3
47 14
48 24
49 8
50 60
51 2
52 0
53 53
54 27
55 53
56 36
57 2
58 39
59 12
60 28
61 31
62 13
63 30
64 0
65 79
66 3
67 12
68 2
69 2
70 7
71 2
72 53
73 38
74 31
75 33
76 114
77 97
78 0
79 55
80 6
81 4
82 16
83 51
84 21
85 128
86 4
87 0
88 86
89 73
90 71
91 82
92 16
93 57
94 19
95 49
96 72
97 30
98 63
99 0
100 159
101 19
102 20
103 6
104 12
105 5
106 1
107 56
108 17
109 34
110 32
111 40
112 29
113 0
114 55
115 5
116 2
117 26
118 28
119 9
120 40
121 3
122 0
123 52
124 50
125 55
126 44
127 1
128 60
129 8
130 56
131 27
132 17
133 34
134 0
135 80
136 4
137 15
138 2
139 2
140 11
141 127
142 5
143 7
144 1
145 1
146 45
147 2
148 4
149 4
150 13
151 14
152 0
153 36
154 2
155 1
156 1
157 9
158 4
159 12
160 1
161 0
162 7
163 40
164 8
165 11
166 2
167 50
168 3
169 30
170 18
171 13
172 2
173 0
174 20
175 4
176 5
177 1
178 2
179 10
180 10
181 1
182 51
183 35
184 29
185 30
186 131
187 102
188 0
189 49
190 6
191 3
192 22
193 41
194 14
195 98
196 3
197 0
198 78
199 57
200 64
201 66
202 16
203 54
204 15
205 44
206 72
207 24
208 41
209 0
210 133
211 30
212 16
213 7
214 16
215 3
216 1
217 47
218 25
219 23
220 30
221 119
222 92
223 0
224 39
225 4
226 10
227 21
228 36
229 10
230 102
231 3
232 0
233 44
234 48
235 56
236 57
237 23
238 45
239 16
240 34
241 54
242 25
243 89
244 0
245 112
246 13
247 8
248 11
249 23
250 3
251 2
252 27
253 16
254 27
255 16
256 68
257 46
258 0
259 28
260 3
261 2
262 54
263 25
264 6
265 19
266 1
267 0
268 31
269 37
270 28
271 35
272 3
273 33
274 5
275 25
276 39
277 17
278 14
279 0
280 63
281 13
282 13
283 2
284 5
285 6
286 1
287 2
288 1
289 3
290 2
291 1
292 4
293 2
294 0
295 2
296 1
297 1
298 1
299 1
300 1
301 2
302 1
303 0
304 2
305 2
306 1
307 2
308 3
309 2
310 1
311 2
312 1
313 1
314 2
315 0
316 3
317 2
318 1
319 1
320 1
321 4
322 2
323 44
324 16
325 22
326 16
327 58
328 25
329 0
330 42
331 2
332 2
333 20
334 22
335 7
336 13
337 2
338 0
339 34
340 39
341 31
342 36
343 3
344 46
345 2
346 41
347 26
348 16
349 26
350 0
351 66
352 6
353 14
354 1
355 2
356 4
357 2
358 32
359 18
360 23
361 43
362 95
363 51
364 0
365 33
366 3
367 5
368 23
369 24
370 6
371 23
372 2
373 0
374 33
375 37
376 32
377 41
378 4
379 34
380 4
381 30
382 26
383 35
384 22
385 0
386 104
387 6
388 12
389 3
390 5
391 2
392 83
393 5
394 42
395 2
396 1
397 20
398 5
399 3
400 14
401 15
402 5
403 0
404 19
405 2
406 2
407 8
408 10
409 4
410 8
411 1
412 0
413 9
414 18
415 11
416 23
417 1
418 24
419 1
420 14
421 7
422 8
423 13
424 0
425 23
426 3
427 6
428 1
429 1
430 2
431 1
432 22
433 6
434 3
435 12
436 17
437 6
438 0
439 24
440 2
441 2
442 7
443 10
444 6
445 6
446 1
447 0
448 14
449 19
450 13
451 19
452 1
453 24
454 2
455 16
456 6
457 6
458 15
459 0
460 22
461 2
462 6
463 1
464 1
465 3
466 1
467 27
468 13
469 17
470 50
471 30
472 9
473 0
474 27
475 1
476 1
477 14
478 12
479 5
480 14
481 2
482 0
483 18
484 23
485 22
486 22
487 1
488 28
489 2
490 21
491 11
492 10
493 9
494 0
495 28
496 3
497 9
498 1
499 1
500 5
501 3
502 56
503 15
504 35
505 43
506 37
507 27
508 0
509 54
510 6
511 2
512 26
513 24
514 9
515 47
516 4
517 0
518 45
519 48
520 49
521 39
522 2
523 59
524 5
525 53
526 29
527 15
528 36
529 0
530 58
531 4
532 15
533 2
534 2
535 5
536 6
537 38
538 9
539 28
540 28
541 91
542 68
543 0
544 37
545 3
546 3
547 15
548 37
549 9
550 95
551 3
552 0
553 43
554 32
555 58
556 32
557 2
558 39
559 14
560 31
561 30
562 13
563 30
564 0
565 96
566 4
567 14
568 3
569 2
570 5
571 2
572 40
573 18
574 24
575 17
576 82
577 49
578 0
579 35
580 5
581 3
582 22
583 33
584 9
585 28
586 2
587 0
588 26
589 37
590 38
591 46
592 4
593 46
594 6
595 29
596 30
597 22
598 35
599 0
600 85
601 8
602 18
603 3
604 2
605 5
606 2
607 41
608 29
609 27
610 58
611 115
612 59
613 0
614 43
615 4
616 3
617 14
618 35
619 10
620 82
621 5
622 0
623 57
624 47
625 48
626 41
627 2
628 43
629 15
630 32
631 41
632 13
633 39
634 0
635 117
636 5
637 11
638 3
639 3
640 3
641 19
642 8
643 2
644 82
645 44
646 37
647 62
648 158
649 131
650 0
651 81
652 8
653 17
654 15
655 63
656 34
657 147
658 3
659 0
660 104
661 103
662 66
663 95
664 26
665 92
666 24
667 63
668 94
669 67
670 30
671 0
672 184
673 64
674 31
675 14
676 23
677 21
