0 9
1 4
2 61
3 26
4 25
5 30
6 109
7 81
8 0
9 75
10 4
11 5
12 16
13 47
14 39
15 75
16 2
17 0
18 61
19 109
20 58
21 51
22 29
23 88
24 23
25 54
26 67
27 90
28 14
29 0
30 132
31 56
32 36
33 5
34 15
35 3
36 1
37 31
38 20
39 30
40 33
41 104
42 48
43 0
44 25
45 3
46 5
47 10
48 19
49 10
50 72
51 2
52 0
53 60
54 30
55 47
56 29
57 3
58 35
59 10
60 22
61 29
62 15
63 11
64 0
65 73
66 2
67 12
68 4
69 4
70 8
71 3
72 56
73 40
74 26
75 46
76 133
77 91
78 0
79 53
80 13
81 6
82 12
83 52
84 24
85 132
86 2
87 0
88 96
89 67
90 68
91 73
92 8
93 55
94 14
95 58
96 67
97 29
98 29
99 0
100 151
101 29
102 15
103 7
104 11
105 3
106 1
107 47
108 14
109 18
110 28
111 35
112 9
113 0
114 36
115 4
116 3
117 23
118 19
119 5
120 18
121 4
122 0
123 31
124 37
125 27
126 38
127 2
128 47
129 1
130 43
131 19
132 14
133 17
134 0
135 48
136 4
137 13
138 1
139 1
140 28
141 209
142 2
143 5
144 1
145 3
146 50
147 2
148 4
149 5
150 24
151 22
152 0
153 36
154 3
155 5
156 1
157 10
158 10
159 14
160 1
161 0
162 6
163 41
164 12
165 13
166 2
167 52
168 4
169 28
170 26
171 19
172 4
173 0
174 28
175 5
176 5
177 3
178 3
179 8
180 8
181 2
182 60
183 39
184 36
185 37
186 109
187 104
188 0
189 60
190 9
191 4
192 25
193 55
194 18
195 89
196 2
197 0
198 73
199 65
200 90
201 75
202 8
203 74
204 21
205 51
206 78
207 27
208 36
209 0
210 148
211 29
212 11
213 12
214 17
215 5
216 1
217 48
218 21
219 22
220 45
221 102
222 84
223 0
224 43
225 6
226 4
227 22
228 39
229 10
230 108
231 2
232 0
233 1
234 56
235 55
236 71
237 6
238 46
239 10
240 42
241 51
242 25
243 103
244 0
245 159
246 12
247 7
248 4
249 6
250 3
251 3
252 23
253 17
254 29
255 17
256 76
257 87
258 0
259 21
260 4
261 1
262 48
263 18
264 5
265 32
266 1
267 0
268 37
269 32
270 25
271 33
272 6
273 26
274 6
275 19
276 56
277 21
278 13
279 0
280 79
281 12
282 8
283 2
284 7
285 6
286 2
287 1
288 5
289 7
290 2
291 2
292 7
293 14
294 0
295 5
296 2
297 2
298 3
299 7
300 6
301 11
302 1
303 0
304 27
305 3
306 6
307 9
308 4
309 7
310 2
311 14
312 23
313 2
314 5
315 0
316 12
317 7
318 6
319 3
320 3
321 3
322 48
323 19
324 7
325 7
326 19
327 21
328 23
329 0
330 24
331 4
332 1
333 11
334 13
335 4
336 11
337 2
338 0
339 26
340 21
341 16
342 12
343 2
344 16
345 2
346 18
347 10
348 5
349 2
350 0
351 15
352 5
353 15
354 2
355 1
356 3
357 2
358 19
359 11
360 8
361 35
362 51
363 21
364 0
365 20
366 2
367 6
368 14
369 8
370 4
371 9
372 2
373 0
374 14
375 21
376 15
377 12
378 3
379 14
380 3
381 18
382 29
383 27
384 3
385 0
386 39
387 6
388 14
389 1
390 9
391 5
392 48
393 4
394 27
395 3
396 1
397 9
398 4
399 1
400 14
401 17
402 3
403 0
404 12
405 2
406 1
407 5
408 2
409 2
410 6
411 1
412 0
413 5
414 9
415 6
416 7
417 1
418 9
419 2
420 8
421 4
422 4
423 4
424 0
425 9
426 1
427 5
428 1
429 1
430 2
431 1
432 27
433 4
434 1
435 15
436 16
437 4
438 0
439 21
440 2
441 1
442 8
443 8
444 4
445 7
446 1
447 0
448 11
449 22
450 11
451 17
452 1
453 23
454 1
455 19
456 8
457 4
458 5
459 0
460 18
461 2
462 5
463 3
464 1
465 4
466 1
467 26
468 14
469 25
470 49
471 34
472 7
473 0
474 30
475 2
476 1
477 20
478 16
479 9
480 20
481 2
482 0
483 30
484 23
485 21
486 28
487 2
488 25
489 3
490 24
491 11
492 14
493 19
494 0
495 33
496 4
497 13
498 1
499 1
500 4
501 1
502 40
503 14
504 23
505 31
506 44
507 12
508 0
509 36
510 3
511 1
512 27
513 18
514 8
515 22
516 3
517 0
518 28
519 41
520 28
521 33
522 1
523 46
524 2
525 48
526 19
527 14
528 31
529 0
530 44
531 3
532 11
533 1
534 1
535 3
536 8
537 30
538 12
539 28
540 25
541 85
542 68
543 0
544 26
545 6
546 2
547 16
548 35
549 12
550 103
551 2
552 0
553 42
554 25
555 58
556 39
557 3
558 28
559 14
560 26
561 32
562 10
563 20
564 0
565 85
566 4
567 10
568 3
569 3
570 6
571 7
572 34
573 18
574 21
575 18
576 74
577 63
578 0
579 31
580 8
581 4
582 24
583 33
584 7
585 22
586 3
587 0
588 13
589 37
590 30
591 50
592 7
593 40
594 4
595 28
596 33
597 21
598 35
599 0
600 98
601 8
602 16
603 3
604 3
605 5
606 2
607 37
608 20
609 18
610 24
611 80
612 49
613 0
614 30
615 6
616 3
617 9
618 30
619 6
620 80
621 2
622 0
623 49
624 44
625 53
626 48
627 2
628 36
629 13
630 20
631 44
632 11
633 127
634 0
635 121
636 3
637 8
638 2
639 1
640 1
641 21
642 5
643 1
644 57
645 42
646 29
647 54
648 124
649 133
650 0
651 65
652 8
653 5
654 15
655 63
656 25
657 134
658 4
659 0
660 96
661 81
662 81
663 97
664 6
665 65
666 26
667 54
668 56
669 31
670 17
671 0
672 184
673 61
674 25
675 16
676 9
677 9
