0 4
1 5
2 54
3 38
4 29
5 37
6 99
7 89
8 0
9 66
10 5
11 6
12 16
13 52
14 40
15 72
16 2
17 0
18 78
19 118
20 61
21 69
22 22
23 74
24 21
25 52
26 59
27 113
28 36
29 0
30 119
31 70
32 26
33 4
34 16
35 4
36 1
37 29
38 20
39 36
40 31
41 96
42 47
43 0
44 29
45 3
46 4
47 12
48 19
49 11
50 75
51 1
52 0
53 56
54 29
55 35
56 25
57 3
58 31
59 9
60 30
61 27
62 14
63 24
64 0
65 72
66 2
67 13
68 4
69 4
70 7
71 2
72 49
73 38
74 28
75 49
76 127
77 87
78 0
79 52
80 7
81 4
82 15
83 51
84 23
85 118
86 1
87 0
88 97
89 62
90 54
91 93
92 7
93 55
94 15
95 52
96 65
97 25
98 22
99 0
100 154
101 19
102 17
103 5
104 13
105 3
106 1
107 46
108 13
109 21
110 28
111 34
112 7
113 0
114 38
115 4
116 4
117 19
118 21
119 4
120 20
121 3
122 0
123 29
124 38
125 31
126 35
127 2
128 44
129 1
130 33
131 20
132 14
133 32
134 0
135 52
136 3
137 13
138 1
139 1
140 19
141 226
142 3
143 6
144 2
145 2
146 50
147 2
148 4
149 2
150 24
151 16
152 0
153 41
154 5
155 4
156 1
157 10
158 2
159 12
160 1
161 0
162 9
163 41
164 9
165 17
166 2
167 63
168 3
169 28
170 17
171 17
172 3
173 0
174 30
175 4
176 4
177 1
178 2
179 9
180 10
181 1
182 57
183 39
184 34
185 36
186 105
187 105
188 0
189 56
190 9
191 4
192 21
193 55
194 20
195 102
196 1
197 0
198 69
199 67
200 76
201 74
202 9
203 58
204 18
205 46
206 69
207 28
208 43
209 0
210 149
211 27
212 14
213 9
214 18
215 5
216 1
217 43
218 24
219 22
220 38
221 97
222 84
223 0
224 46
225 5
226 4
227 20
228 38
229 8
230 112
231 3
232 0
233 23
234 59
235 40
236 63
237 6
238 45
239 12
240 43
241 51
242 27
243 103
244 0
245 156
246 13
247 7
248 5
249 6
250 5
251 2
252 24
253 15
254 30
255 13
256 55
257 72
258 0
259 23
260 3
261 2
262 53
263 17
264 5
265 30
266 1
267 0
268 34
269 29
270 21
271 43
272 6
273 24
274 5
275 19
276 60
277 21
278 17
279 0
280 86
281 13
282 7
283 2
284 7
285 3
286 1
287 1
288 20
289 11
290 2
291 2
292 8
293 23
294 0
295 5
296 1
297 2
298 3
299 4
300 9
301 7
302 2
303 0
304 18
305 8
306 9
307 23
308 3
309 8
310 2
311 18
312 13
313 3
314 5
315 0
316 16
317 5
318 8
319 3
320 3
321 3
322 47
323 16
324 6
325 11
326 24
327 43
328 21
329 0
330 18
331 4
332 1
333 19
334 14
335 4
336 10
337 2
338 0
339 29
340 9
341 9
342 4
343 2
344 21
345 2
346 6
347 14
348 10
349 3
350 0
351 15
352 5
353 12
354 2
355 2
356 2
357 1
358 14
359 8
360 5
361 16
362 55
363 20
364 0
365 17
366 1
367 4
368 18
369 10
370 4
371 7
372 1
373 0
374 10
375 14
376 13
377 20
378 2
379 24
380 3
381 7
382 19
383 37
384 4
385 0
386 35
387 5
388 12
389 2
390 8
391 12
392 43
393 4
394 23
395 2
396 1
397 9
398 4
399 1
400 13
401 15
402 3
403 0
404 12
405 1
406 1
407 5
408 3
409 2
410 6
411 2
412 0
413 6
414 9
415 5
416 8
417 2
418 9
419 2
420 8
421 4
422 4
423 4
424 0
425 9
426 1
427 6
428 1
429 1
430 1
431 1
432 27
433 4
434 1
435 10
436 15
437 4
438 0
439 21
440 2
441 1
442 8
443 9
444 3
445 9
446 1
447 0
448 10
449 20
450 11
451 17
452 1
453 25
454 2
455 20
456 6
457 4
458 5
459 0
460 17
461 2
462 5
463 3
464 1
465 4
466 1
467 26
468 14
469 30
470 46
471 39
472 7
473 0
474 28
475 2
476 1
477 21
478 16
479 7
480 19
481 2
482 0
483 30
484 23
485 21
486 28
487 1
488 26
489 3
490 27
491 8
492 14
493 17
494 0
495 34
496 3
497 13
498 1
499 1
500 4
501 1
502 34
503 14
504 26
505 32
506 49
507 10
508 0
509 42
510 3
511 1
512 27
513 16
514 7
515 25
516 3
517 0
518 27
519 40
520 28
521 31
522 1
523 40
524 2
525 38
526 17
527 14
528 24
529 0
530 45
531 2
532 9
533 1
534 1
535 3
536 3
537 22
538 12
539 23
540 26
541 73
542 74
543 0
544 28
545 7
546 2
547 7
548 37
549 9
550 85
551 3
552 0
553 43
554 21
555 50
556 40
557 2
558 28
559 13
560 22
561 37
562 11
563 15
564 0
565 86
566 4
567 10
568 2
569 3
570 7
571 4
572 35
573 18
574 23
575 16
576 74
577 62
578 0
579 34
580 9
581 5
582 26
583 32
584 8
585 19
586 2
587 0
588 21
589 38
590 34
591 46
592 6
593 39
594 4
595 28
596 32
597 20
598 42
599 0
600 89
601 8
602 17
603 3
604 3
605 6
606 2
607 30
608 17
609 15
610 24
611 63
612 54
613 0
614 26
615 5
616 2
617 9
618 26
619 6
620 79
621 3
622 0
623 45
624 41
625 41
626 41
627 1
628 38
629 14
630 21
631 41
632 13
633 194
634 0
635 141
636 2
637 10
638 3
639 2
640 2
641 19
642 8
643 2
644 59
645 42
646 29
647 45
648 127
649 134
650 0
651 69
652 8
653 6
654 10
655 64
656 28
657 135
658 4
659 0
660 97
661 79
662 80
663 103
664 10
665 65
666 25
667 51
668 91
669 31
670 30
671 0
672 195
673 58
674 23
675 17
676 11
677 15
