0 5
1 3
2 72
3 33
4 33
5 33
6 96
7 62
8 0
9 49
10 7
11 10
12 13
13 56
14 37
15 74
16 2
17 0
18 84
19 118
20 60
21 58
22 16
23 87
24 16
25 51
26 54
27 84
28 13
29 0
30 97
31 74
32 19
33 5
34 11
35 4
36 2
37 33
38 22
39 21
40 30
41 93
42 47
43 0
44 26
45 5
46 5
47 14
48 21
49 11
50 72
51 2
52 0
53 59
54 25
55 36
56 27
57 3
58 32
59 11
60 25
61 29
62 11
63 37
64 0
65 65
66 3
67 12
68 5
69 3
70 7
71 2
72 53
73 43
74 26
75 39
76 136
77 93
78 0
79 55
80 8
81 3
82 10
83 46
84 26
85 122
86 2
87 0
88 91
89 69
90 54
91 96
92 5
93 59
94 18
95 53
96 71
97 30
98 41
99 0
100 132
101 23
102 18
103 8
104 13
105 3
106 1
107 43
108 13
109 11
110 29
111 37
112 8
113 0
114 39
115 4
116 4
117 19
118 18
119 5
120 27
121 2
122 0
123 31
124 34
125 33
126 34
127 2
128 43
129 1
130 39
131 20
132 14
133 22
134 0
135 45
136 2
137 13
138 1
139 1
140 15
141 190
142 1
143 7
144 2
145 2
146 45
147 2
148 4
149 4
150 17
151 22
152 0
153 33
154 5
155 3
156 1
157 9
158 5
159 12
160 1
161 0
162 6
163 51
164 15
165 15
166 3
167 57
168 4
169 28
170 27
171 15
172 3
173 0
174 38
175 5
176 3
177 1
178 7
179 6
180 8
181 1
182 58
183 39
184 33
185 37
186 111
187 105
188 0
189 55
190 8
191 5
192 23
193 52
194 19
195 96
196 1
197 0
198 65
199 67
200 64
201 78
202 10
203 58
204 19
205 49
206 70
207 27
208 48
209 0
210 161
211 29
212 12
213 11
214 17
215 5
216 1
217 47
218 26
219 24
220 39
221 91
222 86
223 0
224 44
225 5
226 3
227 19
228 39
229 9
230 104
231 2
232 0
233 20
234 53
235 48
236 72
237 6
238 43
239 11
240 43
241 50
242 21
243 101
244 0
245 152
246 12
247 7
248 5
249 7
250 4
251 2
252 20
253 15
254 23
255 16
256 52
257 61
258 0
259 19
260 4
261 1
262 52
263 16
264 3
265 24
266 2
267 0
268 38
269 28
270 25
271 44
272 7
273 21
274 5
275 15
276 57
277 18
278 12
279 0
280 85
281 12
282 9
283 2
284 7
285 5
286 2
287 1
288 15
289 11
290 3
291 6
292 11
293 20
294 0
295 15
296 2
297 2
298 8
299 9
300 8
301 9
302 2
303 0
304 12
305 5
306 4
307 11
308 3
309 9
310 2
311 4
312 28
313 5
314 5
315 0
316 41
317 9
318 11
319 2
320 3
321 3
322 43
323 14
324 5
325 8
326 17
327 14
328 27
329 0
330 18
331 4
332 1
333 17
334 18
335 3
336 9
337 2
338 0
339 20
340 20
341 16
342 4
343 2
344 22
345 2
346 11
347 16
348 6
349 3
350 0
351 19
352 4
353 14
354 2
355 1
356 2
357 2
358 16
359 12
360 8
361 20
362 38
363 28
364 0
365 15
366 1
367 5
368 19
369 10
370 4
371 10
372 1
373 0
374 13
375 17
376 14
377 16
378 2
379 17
380 3
381 7
382 22
383 12
384 4
385 0
386 43
387 4
388 14
389 1
390 9
391 12
392 49
393 5
394 25
395 3
396 1
397 9
398 5
399 1
400 13
401 17
402 2
403 0
404 12
405 2
406 1
407 5
408 2
409 3
410 6
411 1
412 0
413 6
414 8
415 6
416 9
417 2
418 8
419 2
420 9
421 5
422 4
423 5
424 0
425 10
426 1
427 6
428 1
429 1
430 1
431 1
432 27
433 5
434 1
435 13
436 14
437 4
438 0
439 19
440 2
441 1
442 7
443 8
444 4
445 8
446 1
447 0
448 7
449 22
450 9
451 17
452 1
453 26
454 1
455 18
456 7
457 5
458 4
459 0
460 18
461 1
462 5
463 3
464 1
465 4
466 1
467 24
468 14
469 31
470 43
471 39
472 9
473 0
474 28
475 2
476 1
477 20
478 17
479 7
480 19
481 3
482 0
483 30
484 23
485 22
486 28
487 1
488 26
489 2
490 27
491 12
492 14
493 18
494 0
495 33
496 5
497 14
498 1
499 1
500 4
501 1
502 34
503 14
504 27
505 31
506 45
507 10
508 0
509 34
510 3
511 1
512 29
513 16
514 6
515 26
516 3
517 0
518 28
519 44
520 28
521 35
522 1
523 39
524 2
525 41
526 16
527 14
528 26
529 0
530 58
531 2
532 11
533 1
534 1
535 3
536 3
537 25
538 9
539 26
540 28
541 69
542 68
543 0
544 27
545 7
546 2
547 14
548 37
549 10
550 86
551 3
552 0
553 43
554 26
555 49
556 35
557 3
558 30
559 17
560 24
561 32
562 10
563 19
564 0
565 96
566 4
567 12
568 2
569 2
570 7
571 4
572 40
573 18
574 20
575 16
576 76
577 62
578 0
579 36
580 7
581 5
582 25
583 30
584 9
585 25
586 2
587 0
588 9
589 34
590 31
591 48
592 8
593 38
594 4
595 29
596 31
597 22
598 38
599 0
600 99
601 8
602 16
603 3
604 3
605 5
606 2
607 33
608 25
609 11
610 25
611 87
612 50
613 0
614 27
615 5
616 2
617 9
618 26
619 6
620 89
621 4
622 0
623 32
624 40
625 41
626 41
627 2
628 39
629 12
630 16
631 42
632 11
633 95
634 0
635 118
636 4
637 6
638 3
639 4
640 1
641 11
642 5
643 1
644 61
645 43
646 32
647 44
648 119
649 127
650 0
651 66
652 6
653 9
654 14
655 61
656 28
657 136
658 3
659 0
660 96
661 86
662 76
663 101
664 12
665 66
666 25
667 50
668 89
669 29
670 24
671 0
672 188
673 62
674 24
675 16
676 11
677 11
