0 10
1 9
2 52
3 29
4 36
5 45
6 134
7 104
8 0
9 69
10 20
11 19
12 17
13 46
14 39
15 67
16 8
17 0
18 95
19 101
20 65
21 79
22 23
23 73
24 24
25 50
26 51
27 147
28 26
29 0
30 135
31 75
32 23
33 10
34 35
35 7
36 8
37 34
38 21
39 23
40 46
41 105
42 53
43 0
44 33
45 8
46 8
47 14
48 26
49 9
50 74
51 7
52 0
53 58
54 29
55 48
56 39
57 11
58 38
59 11
60 32
61 26
62 13
63 28
64 0
65 82
66 8
67 13
68 7
69 10
70 9
71 10
72 57
73 36
74 25
75 44
76 132
77 102
78 0
79 61
80 9
81 7
82 25
83 59
84 21
85 122
86 7
87 0
88 82
89 73
90 80
91 89
92 14
93 60
94 22
95 50
96 74
97 24
98 41
99 0
100 177
101 26
102 17
103 8
104 19
105 7
106 9
107 51
108 18
109 35
110 27
111 37
112 29
113 0
114 59
115 7
116 18
117 21
118 26
119 9
120 46
121 7
122 0
123 53
124 53
125 51
126 44
127 8
128 58
129 10
130 54
131 28
132 17
133 30
134 0
135 74
136 7
137 12
138 7
139 9
140 8
141 114
142 16
143 11
144 8
145 13
146 40
147 12
148 8
149 10
150 18
151 15
152 0
153 48
154 7
155 8
156 8
157 9
158 7
159 12
160 6
161 0
162 8
163 54
164 10
165 15
166 10
167 43
168 7
169 26
170 16
171 16
172 39
173 0
174 19
175 8
176 7
177 9
178 9
179 10
180 9
181 8
182 55
183 36
184 29
185 30
186 121
187 99
188 0
189 54
190 9
191 8
192 30
193 38
194 14
195 88
196 7
197 0
198 77
199 60
200 56
201 65
202 22
203 54
204 15
205 42
206 71
207 36
208 36
209 0
210 151
211 36
212 15
213 12
214 13
215 9
216 10
217 42
218 24
219 26
220 37
221 115
222 76
223 0
224 42
225 15
226 16
227 26
228 32
229 10
230 105
231 6
232 0
233 57
234 54
235 53
236 57
237 18
238 43
239 14
240 37
241 56
242 18
243 62
244 0
245 113
246 19
247 9
248 12
249 45
250 8
251 11
252 30
253 19
254 28
255 17
256 73
257 42
258 0
259 29
260 8
261 9
262 62
263 29
264 8
265 23
266 6
267 0
268 30
269 38
270 27
271 34
272 7
273 30
274 8
275 25
276 41
277 16
278 16
279 0
280 65
281 16
282 11
283 7
284 11
285 9
286 7
287 12
288 8
289 14
290 9
291 13
292 9
293 8
294 0
295 12
296 7
297 7
298 8
299 8
300 7
301 11
302 6
303 0
304 7
305 22
306 8
307 8
308 8
309 8
310 7
311 8
312 7
313 9
314 9
315 0
316 9
317 9
318 8
319 7
320 8
321 7
322 9
323 45
324 16
325 21
326 21
327 61
328 26
329 0
330 41
331 8
332 7
333 22
334 23
335 8
336 16
337 6
338 0
339 40
340 39
341 33
342 35
343 9
344 44
345 9
346 44
347 26
348 16
349 25
350 0
351 68
352 8
353 13
354 7
355 12
356 8
357 8
358 35
359 19
360 24
361 49
362 92
363 36
364 0
365 35
366 7
367 9
368 26
369 28
370 9
371 17
372 7
373 0
374 41
375 43
376 25
377 44
378 9
379 37
380 11
381 29
382 29
383 34
384 39
385 0
386 99
387 8
388 15
389 7
390 12
391 7
392 71
393 8
394 42
395 6
396 16
397 22
398 9
399 9
400 14
401 15
402 7
403 0
404 17
405 7
406 7
407 11
408 12
409 7
410 8
411 9
412 0
413 11
414 18
415 11
416 20
417 10
418 23
419 7
420 15
421 11
422 7
423 11
424 0
425 20
426 7
427 7
428 7
429 8
430 6
431 10
432 25
433 7
434 10
435 11
436 19
437 6
438 0
439 18
440 7
441 7
442 9
443 14
444 7
445 9
446 6
447 0
448 12
449 21
450 14
451 17
452 10
453 25
454 7
455 19
456 12
457 7
458 15
459 0
460 21
461 7
462 8
463 8
464 8
465 8
466 10
467 24
468 15
469 11
470 44
471 31
472 11
473 0
474 32
475 9
476 7
477 13
478 12
479 8
480 14
481 9
482 0
483 17
484 23
485 21
486 27
487 9
488 26
489 7
490 27
491 14
492 11
493 16
494 0
495 35
496 7
497 11
498 7
499 8
500 6
501 16
502 51
503 18
504 42
505 32
506 37
507 31
508 0
509 57
510 8
511 7
512 23
513 20
514 10
515 32
516 7
517 0
518 48
519 49
520 56
521 39
522 7
523 62
524 9
525 54
526 23
527 15
528 50
529 0
530 60
531 8
532 15
533 7
534 8
535 7
536 16
537 40
538 14
539 27
540 25
541 82
542 61
543 0
544 37
545 7
546 6
547 19
548 35
549 11
550 94
551 7
552 0
553 48
554 34
555 54
556 41
557 9
558 37
559 15
560 28
561 34
562 14
563 33
564 0
565 90
566 7
567 13
568 7
569 6
570 7
571 9
572 42
573 17
574 26
575 20
576 80
577 55
578 0
579 40
580 7
581 7
582 19
583 28
584 10
585 20
586 6
587 0
588 40
589 42
590 36
591 47
592 8
593 43
594 8
595 32
596 32
597 17
598 32
599 0
600 88
601 9
602 17
603 6
604 11
605 10
606 8
607 43
608 29
609 28
610 45
611 108
612 82
613 0
614 36
615 9
616 8
617 16
618 39
619 11
620 79
621 7
622 0
623 58
624 47
625 63
626 48
627 8
628 43
629 13
630 31
631 45
632 15
633 37
634 0
635 107
636 8
637 14
638 7
639 7
640 8
641 18
642 9
643 8
644 72
645 42
646 34
647 49
648 132
649 129
650 0
651 84
652 12
653 22
654 15
655 63
656 34
657 131
658 7
659 0
660 103
661 103
662 75
663 97
664 27
665 79
666 21
667 68
668 86
669 80
670 41
671 0
672 197
673 46
674 34
675 16
676 19
677 19
