0 8
1 5
2 64
3 26
4 28
5 33
6 115
7 84
8 0
9 74
10 5
11 7
12 15
13 45
14 36
15 73
16 2
17 0
18 65
19 115
20 58
21 56
22 24
23 82
24 19
25 54
26 63
27 84
28 21
29 0
30 122
31 60
32 34
33 5
34 14
35 4
36 1
37 31
38 20
39 38
40 34
41 102
42 48
43 0
44 27
45 3
46 3
47 10
48 21
49 10
50 57
51 2
52 0
53 59
54 28
55 41
56 32
57 3
58 29
59 10
60 21
61 29
62 12
63 20
64 0
65 78
66 3
67 11
68 3
69 4
70 7
71 2
72 43
73 39
74 26
75 51
76 123
77 92
78 0
79 56
80 5
81 3
82 11
83 38
84 13
85 92
86 2
87 0
88 85
89 76
90 40
91 80
92 5
93 59
94 18
95 42
96 54
97 21
98 34
99 0
100 141
101 29
102 14
103 5
104 5
105 1
106 1
107 44
108 6
109 17
110 24
111 32
112 8
113 0
114 41
115 3
116 2
117 21
118 15
119 5
120 20
121 2
122 0
123 14
124 41
125 20
126 17
127 1
128 44
129 1
130 39
131 15
132 12
133 6
134 0
135 25
136 3
137 8
138 1
139 1
140 18
141 181
142 4
143 3
144 1
145 2
146 44
147 2
148 4
149 3
150 19
151 20
152 0
153 40
154 5
155 3
156 1
157 10
158 7
159 13
160 1
161 0
162 7
163 47
164 9
165 15
166 2
167 53
168 3
169 28
170 15
171 20
172 3
173 0
174 27
175 5
176 6
177 2
178 2
179 4
180 7
181 1
182 51
183 40
184 35
185 33
186 102
187 108
188 0
189 56
190 3
191 3
192 23
193 47
194 11
195 94
196 2
197 0
198 71
199 67
200 56
201 75
202 8
203 62
204 18
205 44
206 61
207 22
208 40
209 0
210 155
211 37
212 12
213 8
214 5
215 4
216 1
217 41
218 22
219 24
220 33
221 95
222 86
223 0
224 41
225 5
226 4
227 23
228 37
229 7
230 95
231 2
232 0
233 30
234 63
235 47
236 72
237 4
238 47
239 11
240 37
241 51
242 18
243 97
244 0
245 102
246 25
247 7
248 5
249 3
250 4
251 2
252 26
253 16
254 28
255 16
256 73
257 71
258 0
259 20
260 7
261 1
262 61
263 20
264 3
265 31
266 2
267 0
268 32
269 36
270 25
271 35
272 7
273 25
274 6
275 18
276 57
277 22
278 14
279 0
280 73
281 13
282 9
283 2
284 7
285 4
286 2
287 1
288 6
289 9
290 3
291 4
292 7
293 16
294 0
295 6
296 2
297 3
298 3
299 12
300 4
301 6
302 2
303 0
304 18
305 3
306 4
307 11
308 2
309 5
310 2
311 8
312 7
313 3
314 6
315 0
316 9
317 12
318 10
319 2
320 4
321 3
322 8
323 21
324 4
325 10
326 18
327 31
328 19
329 0
330 18
331 4
332 1
333 14
334 13
335 4
336 9
337 1
338 0
339 26
340 23
341 14
342 13
343 2
344 13
345 2
346 14
347 13
348 5
349 4
350 0
351 30
352 5
353 12
354 2
355 1
356 2
357 2
358 21
359 13
360 8
361 24
362 57
363 17
364 0
365 18
366 2
367 6
368 15
369 14
370 4
371 10
372 2
373 0
374 7
375 23
376 13
377 15
378 2
379 15
380 3
381 12
382 25
383 16
384 4
385 0
386 32
387 4
388 15
389 2
390 9
391 2
392 48
393 5
394 28
395 3
396 1
397 30
398 4
399 15
400 35
401 18
402 4
403 0
404 21
405 2
406 1
407 12
408 9
409 3
410 9
411 2
412 0
413 9
414 20
415 9
416 9
417 1
418 25
419 2
420 20
421 12
422 8
423 4
424 0
425 12
426 2
427 6
428 1
429 1
430 1
431 1
432 25
433 5
434 1
435 12
436 16
437 4
438 0
439 22
440 1
441 1
442 8
443 6
444 4
445 8
446 1
447 0
448 14
449 22
450 10
451 17
452 1
453 25
454 2
455 19
456 7
457 4
458 4
459 0
460 18
461 1
462 5
463 2
464 1
465 4
466 1
467 25
468 14
469 31
470 52
471 38
472 8
473 0
474 29
475 2
476 1
477 18
478 15
479 8
480 19
481 3
482 0
483 29
484 22
485 21
486 27
487 1
488 26
489 3
490 24
491 10
492 15
493 17
494 0
495 34
496 3
497 12
498 1
499 1
500 3
501 1
502 35
503 2
504 23
505 28
506 37
507 8
508 0
509 36
510 3
511 1
512 25
513 13
514 7
515 21
516 3
517 0
518 18
519 45
520 22
521 11
522 1
523 38
524 2
525 40
526 16
527 14
528 6
529 0
530 17
531 2
532 7
533 1
534 1
535 3
536 4
537 25
538 10
539 31
540 25
541 104
542 70
543 0
544 28
545 5
546 2
547 12
548 38
549 10
550 100
551 3
552 0
553 40
554 23
555 56
556 40
557 3
558 28
559 16
560 23
561 37
562 11
563 20
564 0
565 90
566 4
567 12
568 3
569 3
570 6
571 4
572 41
573 17
574 26
575 22
576 74
577 59
578 0
579 34
580 6
581 5
582 24
583 33
584 8
585 21
586 3
587 0
588 28
589 38
590 34
591 43
592 5
593 41
594 5
595 29
596 32
597 20
598 41
599 0
600 98
601 8
602 17
603 2
604 3
605 6
606 2
607 30
608 21
609 17
610 22
611 76
612 59
613 0
614 30
615 6
616 3
617 10
618 31
619 6
620 83
621 4
622 0
623 49
624 37
625 45
626 42
627 2
628 38
629 12
630 24
631 43
632 11
633 135
634 0
635 118
636 2
637 9
638 2
639 1
640 1
641 10
642 5
643 1
644 63
645 43
646 31
647 50
648 130
649 127
650 0
651 68
652 8
653 7
654 15
655 61
656 14
657 133
658 5
659 0
660 97
661 87
662 77
663 101
664 7
665 69
666 24
667 50
668 63
669 24
670 21
671 0
672 191
673 57
674 24
675 9
676 5
677 10
