0 9
1 1
2 63
3 24
4 37
5 38
6 117
7 98
8 0
9 76
10 7
11 20
12 13
13 44
14 36
15 62
16 2
17 0
18 89
19 90
20 70
21 69
22 19
23 61
24 24
25 54
26 84
27 168
28 81
29 0
30 133
31 62
32 30
33 5
34 40
35 4
36 1
37 31
38 20
39 15
40 50
41 103
42 62
43 0
44 28
45 6
46 3
47 14
48 27
49 8
50 70
51 3
52 0
53 54
54 30
55 66
56 38
57 3
58 28
59 12
60 36
61 28
62 14
63 18
64 0
65 71
66 2
67 11
68 4
69 4
70 7
71 2
72 58
73 42
74 17
75 38
76 131
77 90
78 0
79 50
80 5
81 3
82 19
83 42
84 23
85 114
86 3
87 0
88 85
89 69
90 71
91 79
92 12
93 58
94 20
95 44
96 70
97 30
98 41
99 0
100 165
101 18
102 20
103 5
104 6
105 2
106 1
107 44
108 6
109 32
110 14
111 33
112 20
113 0
114 40
115 4
116 2
117 23
118 19
119 8
120 22
121 1
122 0
123 49
124 41
125 33
126 45
127 1
128 46
129 6
130 56
131 21
132 15
133 38
134 0
135 61
136 6
137 11
138 1
139 1
140 7
141 168
142 4
143 6
144 2
145 1
146 45
147 2
148 3
149 2
150 17
151 14
152 0
153 27
154 2
155 1
156 3
157 10
158 2
159 14
160 1
161 0
162 4
163 32
164 13
165 13
166 1
167 38
168 3
169 21
170 14
171 17
172 2
173 0
174 20
175 4
176 3
177 1
178 2
179 7
180 7
181 1
182 83
183 39
184 35
185 33
186 109
187 99
188 0
189 47
190 8
191 4
192 25
193 44
194 18
195 79
196 3
197 0
198 71
199 75
200 51
201 83
202 10
203 68
204 22
205 47
206 70
207 28
208 28
209 0
210 170
211 30
212 21
213 11
214 13
215 4
216 1
217 35
218 25
219 24
220 24
221 117
222 87
223 0
224 43
225 9
226 10
227 23
228 40
229 13
230 102
231 2
232 0
233 21
234 54
235 65
236 61
237 16
238 49
239 16
240 49
241 56
242 42
243 62
244 0
245 109
246 24
247 8
248 7
249 14
250 3
251 1
252 27
253 12
254 24
255 15
256 50
257 87
258 0
259 20
260 2
261 3
262 52
263 35
264 6
265 20
266 2
267 0
268 49
269 28
270 21
271 27
272 4
273 24
274 5
275 22
276 41
277 18
278 8
279 0
280 82
281 10
282 7
283 1
284 4
285 3
286 3
287 1
288 1
289 7
290 3
291 1
292 5
293 4
294 0
295 2
296 1
297 2
298 1
299 9
300 2
301 3
302 1
303 0
304 12
305 2
306 3
307 2
308 2
309 2
310 2
311 3
312 4
313 1
314 6
315 0
316 4
317 2
318 1
319 3
320 2
321 3
322 2
323 29
324 8
325 11
326 17
327 55
328 25
329 0
330 40
331 4
332 1
333 20
334 25
335 4
336 6
337 2
338 0
339 34
340 37
341 27
342 34
343 2
344 36
345 2
346 39
347 25
348 14
349 9
350 0
351 65
352 6
353 12
354 2
355 2
356 1
357 1
358 36
359 14
360 20
361 44
362 90
363 33
364 0
365 29
366 3
367 6
368 27
369 22
370 8
371 14
372 1
373 0
374 37
375 35
376 20
377 29
378 2
379 39
380 7
381 30
382 27
383 13
384 8
385 0
386 84
387 10
388 15
389 3
390 9
391 3
392 36
393 5
394 24
395 3
396 1
397 23
398 4
399 10
400 12
401 13
402 6
403 0
404 22
405 2
406 2
407 10
408 10
409 2
410 7
411 2
412 0
413 5
414 20
415 17
416 18
417 1
418 22
419 1
420 12
421 17
422 8
423 5
424 0
425 25
426 4
427 8
428 1
429 1
430 2
431 1
432 25
433 5
434 2
435 14
436 21
437 4
438 0
439 23
440 1
441 1
442 8
443 12
444 5
445 9
446 1
447 0
448 15
449 24
450 14
451 17
452 1
453 24
454 1
455 20
456 6
457 6
458 21
459 0
460 20
461 2
462 4
463 2
464 1
465 5
466 1
467 27
468 14
469 26
470 59
471 39
472 8
473 0
474 47
475 2
476 1
477 21
478 17
479 9
480 18
481 3
482 0
483 25
484 22
485 14
486 25
487 1
488 30
489 2
490 21
491 16
492 10
493 42
494 0
495 26
496 4
497 13
498 1
499 1
500 3
501 4
502 44
503 2
504 30
505 24
506 31
507 17
508 0
509 35
510 5
511 2
512 21
513 14
514 8
515 17
516 2
517 0
518 41
519 31
520 29
521 41
522 2
523 30
524 6
525 53
526 25
527 9
528 32
529 0
530 77
531 4
532 14
533 1
534 1
535 4
536 10
537 31
538 9
539 33
540 27
541 78
542 66
543 0
544 31
545 4
546 3
547 17
548 36
549 8
550 68
551 3
552 0
553 52
554 27
555 61
556 34
557 3
558 27
559 11
560 23
561 32
562 14
563 35
564 0
565 93
566 3
567 12
568 2
569 3
570 5
571 2
572 37
573 17
574 27
575 22
576 84
577 53
578 0
579 35
580 4
581 4
582 24
583 32
584 9
585 19
586 1
587 0
588 34
589 40
590 31
591 45
592 7
593 39
594 4
595 34
596 28
597 18
598 43
599 0
600 100
601 7
602 17
603 2
604 2
605 10
606 1
607 36
608 20
609 28
610 31
611 103
612 96
613 0
614 27
615 5
616 3
617 15
618 36
619 6
620 63
621 4
622 0
623 31
624 33
625 48
626 35
627 4
628 35
629 7
630 30
631 45
632 11
633 72
634 0
635 139
636 6
637 10
638 2
639 2
640 2
641 10
642 6
643 1
644 63
645 41
646 29
647 46
648 130
649 138
650 0
651 68
652 8
653 12
654 16
655 61
656 31
657 134
658 3
659 0
660 103
661 86
662 85
663 86
664 18
665 76
666 21
667 55
668 81
669 53
670 39
671 0
672 204
673 62
674 27
675 15
676 15
677 27
