0 7
1 2
2 62
3 32
4 37
5 24
6 101
7 75
8 0
9 63
10 10
11 13
12 15
13 49
14 32
15 74
16 3
17 0
18 94
19 104
20 60
21 75
22 34
23 71
24 25
25 51
26 64
27 119
28 60
29 0
30 142
31 69
32 32
33 7
34 38
35 3
36 2
37 35
38 21
39 28
40 31
41 116
42 71
43 0
44 33
45 3
46 3
47 13
48 22
49 8
50 55
51 3
52 0
53 56
54 31
55 52
56 35
57 2
58 34
59 12
60 28
61 30
62 13
63 30
64 0
65 80
66 4
67 13
68 2
69 3
70 7
71 2
72 49
73 35
74 27
75 31
76 122
77 98
78 0
79 57
80 5
81 3
82 14
83 51
84 21
85 123
86 3
87 0
88 82
89 75
90 75
91 78
92 12
93 58
94 18
95 51
96 75
97 30
98 46
99 0
100 167
101 19
102 17
103 5
104 13
105 5
106 1
107 58
108 16
109 37
110 32
111 38
112 30
113 0
114 56
115 4
116 2
117 25
118 26
119 9
120 45
121 3
122 0
123 52
124 47
125 54
126 46
127 1
128 55
129 8
130 56
131 26
132 17
133 32
134 0
135 85
136 4
137 15
138 2
139 2
140 9
141 109
142 4
143 9
144 1
145 1
146 51
147 2
148 4
149 3
150 14
151 13
152 0
153 40
154 2
155 2
156 1
157 9
158 3
159 12
160 1
161 0
162 7
163 48
164 8
165 12
166 2
167 41
168 3
169 28
170 17
171 14
172 3
173 0
174 21
175 5
176 6
177 1
178 1
179 8
180 10
181 1
182 48
183 34
184 29
185 28
186 127
187 97
188 0
189 51
190 6
191 4
192 22
193 41
194 17
195 95
196 3
197 0
198 76
199 55
200 63
201 62
202 12
203 52
204 15
205 43
206 73
207 23
208 41
209 0
210 126
211 34
212 15
213 8
214 16
215 3
216 2
217 42
218 24
219 27
220 29
221 119
222 91
223 0
224 43
225 7
226 11
227 20
228 36
229 10
230 97
231 3
232 0
233 44
234 46
235 52
236 57
237 29
238 46
239 15
240 35
241 50
242 28
243 106
244 0
245 109
246 14
247 9
248 11
249 26
250 3
251 3
252 29
253 18
254 26
255 14
256 69
257 40
258 0
259 27
260 3
261 3
262 58
263 26
264 5
265 20
266 1
267 0
268 32
269 34
270 32
271 34
272 3
273 31
274 4
275 24
276 44
277 16
278 19
279 0
280 65
281 13
282 12
283 2
284 5
285 7
286 1
287 1
288 1
289 3
290 1
291 1
292 4
293 2
294 0
295 2
296 1
297 1
298 1
299 1
300 1
301 2
302 1
303 0
304 2
305 1
306 1
307 2
308 3
309 2
310 1
311 1
312 1
313 1
314 2
315 0
316 3
317 2
318 1
319 1
320 1
321 4
322 3
323 43
324 15
325 26
326 15
327 56
328 24
329 0
330 43
331 3
332 2
333 20
334 21
335 7
336 15
337 2
338 0
339 35
340 37
341 31
342 40
343 4
344 43
345 2
346 37
347 26
348 16
349 24
350 0
351 66
352 5
353 14
354 2
355 1
356 4
357 2
358 32
359 18
360 21
361 42
362 93
363 50
364 0
365 35
366 3
367 5
368 26
369 26
370 6
371 20
372 2
373 0
374 35
375 42
376 37
377 41
378 4
379 33
380 5
381 33
382 28
383 37
384 22
385 0
386 92
387 6
388 12
389 2
390 6
391 2
392 76
393 4
394 44
395 2
396 1
397 25
398 5
399 3
400 15
401 15
402 5
403 0
404 19
405 2
406 2
407 9
408 11
409 3
410 8
411 1
412 0
413 9
414 19
415 11
416 23
417 1
418 24
419 1
420 15
421 9
422 8
423 12
424 0
425 24
426 3
427 7
428 1
429 1
430 2
431 1
432 23
433 7
434 3
435 13
436 16
437 4
438 0
439 22
440 2
441 2
442 7
443 10
444 5
445 7
446 1
447 0
448 12
449 21
450 13
451 21
452 1
453 23
454 2
455 17
456 6
457 6
458 10
459 0
460 25
461 2
462 7
463 1
464 1
465 2
466 1
467 26
468 16
469 17
470 50
471 28
472 7
473 0
474 28
475 2
476 1
477 15
478 12
479 5
480 14
481 2
482 0
483 19
484 25
485 21
486 21
487 1
488 26
489 2
490 21
491 11
492 11
493 11
494 0
495 30
496 3
497 9
498 1
499 1
500 4
501 6
502 54
503 16
504 36
505 36
506 36
507 31
508 0
509 56
510 6
511 2
512 23
513 23
514 10
515 42
516 4
517 0
518 49
519 49
520 48
521 40
522 2
523 58
524 7
525 57
526 23
527 13
528 58
529 0
530 55
531 4
532 15
533 2
534 2
535 4
536 5
537 40
538 15
539 31
540 25
541 79
542 67
543 0
544 40
545 4
546 3
547 14
548 39
549 10
550 97
551 3
552 0
553 49
554 38
555 57
556 34
557 2
558 40
559 16
560 32
561 32
562 16
563 28
564 0
565 86
566 3
567 14
568 3
569 2
570 4
571 2
572 38
573 17
574 21
575 18
576 83
577 48
578 0
579 33
580 4
581 3
582 24
583 30
584 9
585 24
586 2
587 0
588 31
589 38
590 33
591 47
592 3
593 40
594 6
595 28
596 30
597 21
598 33
599 0
600 91
601 8
602 20
603 3
604 3
605 4
606 2
607 40
608 30
609 29
610 58
611 113
612 61
613 0
614 43
615 5
616 4
617 13
618 33
619 9
620 77
621 5
622 0
623 58
624 44
625 49
626 47
627 1
628 44
629 14
630 35
631 41
632 12
633 38
634 0
635 112
636 7
637 12
638 3
639 3
640 3
641 18
642 9
643 2
644 80
645 47
646 42
647 62
648 167
649 136
650 0
651 84
652 9
653 16
654 16
655 69
656 32
657 148
658 4
659 0
660 103
661 110
662 73
663 100
664 24
665 83
666 25
667 65
668 92
669 57
670 34
671 0
672 186
673 66
674 32
675 13
676 23
677 20
