0 8
1 1
2 49
3 35
4 34
5 36
6 114
7 107
8 0
9 60
10 9
11 11
12 16
13 50
14 45
15 68
16 2
17 0
18 82
19 95
20 65
21 80
22 28
23 72
24 26
25 47
26 50
27 160
28 58
29 0
30 124
31 66
32 20
33 5
34 31
35 3
36 2
37 33
38 22
39 29
40 48
41 112
42 59
43 0
44 31
45 3
46 3
47 11
48 28
49 8
50 71
51 1
52 0
53 59
54 30
55 45
56 36
57 3
58 37
59 12
60 29
61 26
62 12
63 21
64 0
65 81
66 2
67 13
68 2
69 3
70 9
71 2
72 51
73 36
74 22
75 44
76 125
77 95
78 0
79 57
80 5
81 3
82 18
83 55
84 18
85 118
86 3
87 0
88 82
89 69
90 76
91 92
92 11
93 57
94 21
95 49
96 74
97 25
98 52
99 0
100 172
101 19
102 19
103 5
104 11
105 5
106 1
107 55
108 17
109 35
110 20
111 35
112 26
113 0
114 56
115 5
116 3
117 23
118 25
119 8
120 42
121 2
122 0
123 50
124 55
125 46
126 45
127 1
128 57
129 7
130 59
131 28
132 18
133 31
134 0
135 77
136 5
137 13
138 2
139 1
140 7
141 130
142 5
143 6
144 1
145 2
146 33
147 2
148 2
149 2
150 13
151 14
152 0
153 27
154 2
155 1
156 1
157 8
158 3
159 10
160 1
161 0
162 6
163 37
164 8
165 14
166 1
167 35
168 2
169 23
170 17
171 14
172 2
173 0
174 18
175 4
176 4
177 1
178 1
179 9
180 7
181 2
182 52
183 37
184 31
185 34
186 118
187 90
188 0
189 52
190 7
191 3
192 22
193 40
194 15
195 81
196 2
197 0
198 67
199 60
200 56
201 70
202 12
203 54
204 17
205 45
206 71
207 28
208 31
209 0
210 147
211 30
212 12
213 7
214 17
215 3
216 1
217 41
218 23
219 27
220 32
221 121
222 79
223 0
224 38
225 13
226 13
227 23
228 34
229 11
230 100
231 2
232 0
233 29
234 47
235 49
236 53
237 18
238 45
239 13
240 42
241 53
242 44
243 91
244 0
245 112
246 18
247 9
248 6
249 38
250 2
251 2
252 29
253 15
254 26
255 16
256 67
257 50
258 0
259 28
260 3
261 3
262 57
263 23
264 5
265 21
266 1
267 0
268 26
269 32
270 23
271 33
272 5
273 35
274 4
275 25
276 37
277 19
278 12
279 0
280 68
281 12
282 9
283 2
284 4
285 7
286 1
287 1
288 2
289 2
290 1
291 1
292 4
293 2
294 0
295 2
296 1
297 1
298 1
299 1
300 1
301 2
302 1
303 0
304 2
305 2
306 1
307 2
308 2
309 2
310 1
311 2
312 1
313 1
314 2
315 0
316 3
317 2
318 1
319 2
320 2
321 3
322 2
323 50
324 17
325 16
326 19
327 60
328 27
329 0
330 43
331 3
332 1
333 21
334 20
335 8
336 14
337 2
338 0
339 37
340 40
341 35
342 36
343 3
344 45
345 3
346 38
347 26
348 16
349 35
350 0
351 63
352 6
353 12
354 1
355 2
356 2
357 3
358 34
359 16
360 21
361 43
362 96
363 37
364 0
365 33
366 4
367 7
368 30
369 27
370 7
371 16
372 1
373 0
374 33
375 37
376 27
377 43
378 4
379 35
380 7
381 31
382 31
383 22
384 51
385 0
386 94
387 9
388 14
389 3
390 6
391 2
392 79
393 5
394 40
395 2
396 1
397 22
398 6
399 4
400 16
401 16
402 4
403 0
404 16
405 2
406 2
407 9
408 11
409 4
410 5
411 1
412 0
413 9
414 20
415 10
416 18
417 1
418 24
419 1
420 12
421 6
422 7
423 4
424 0
425 23
426 3
427 7
428 1
429 1
430 2
431 1
432 23
433 7
434 5
435 12
436 18
437 4
438 0
439 23
440 2
441 2
442 7
443 12
444 6
445 7
446 1
447 0
448 13
449 22
450 14
451 20
452 1
453 24
454 2
455 18
456 9
457 7
458 6
459 0
460 21
461 3
462 5
463 2
464 1
465 4
466 1
467 27
468 13
469 14
470 44
471 27
472 9
473 0
474 29
475 2
476 1
477 13
478 13
479 6
480 14
481 2
482 0
483 19
484 18
485 22
486 26
487 1
488 25
489 2
490 20
491 13
492 11
493 28
494 0
495 32
496 3
497 11
498 1
499 1
500 4
501 3
502 57
503 14
504 36
505 34
506 40
507 26
508 0
509 59
510 6
511 1
512 22
513 23
514 9
515 37
516 4
517 0
518 42
519 50
520 61
521 37
522 3
523 54
524 6
525 55
526 25
527 13
528 43
529 0
530 62
531 5
532 15
533 2
534 1
535 4
536 8
537 35
538 14
539 29
540 26
541 92
542 63
543 0
544 35
545 4
546 3
547 15
548 37
549 9
550 91
551 3
552 0
553 39
554 36
555 60
556 40
557 2
558 33
559 12
560 32
561 31
562 16
563 33
564 0
565 87
566 3
567 12
568 2
569 3
570 5
571 1
572 41
573 18
574 26
575 20
576 82
577 57
578 0
579 38
580 5
581 4
582 22
583 31
584 6
585 21
586 2
587 0
588 28
589 40
590 37
591 47
592 6
593 45
594 6
595 31
596 32
597 18
598 45
599 0
600 87
601 8
602 18
603 2
604 2
605 6
606 2
607 41
608 28
609 30
610 42
611 113
612 81
613 0
614 39
615 4
616 3
617 13
618 40
619 10
620 89
621 5
622 0
623 56
624 46
625 62
626 50
627 5
628 43
629 12
630 36
631 45
632 13
633 29
634 0
635 119
636 6
637 12
638 4
639 2
640 2
641 9
642 8
643 2
644 79
645 45
646 31
647 49
648 139
649 136
650 0
651 79
652 7
653 16
654 18
655 62
656 30
657 137
658 3
659 0
660 103
661 108
662 77
663 102
664 17
665 84
666 22
667 67
668 84
669 67
670 43
671 0
672 192
673 67
674 32
675 16
676 12
677 24
