0 6
1 5
2 63
3 32
4 26
5 43
6 112
7 73
8 0
9 64
10 6
11 6
12 14
13 53
14 38
15 69
16 2
17 0
18 72
19 119
20 50
21 60
22 27
23 76
24 23
25 51
26 42
27 84
28 9
29 0
30 98
31 69
32 28
33 6
34 26
35 3
36 2
37 30
38 21
39 38
40 31
41 106
42 48
43 0
44 27
45 3
46 4
47 9
48 18
49 9
50 78
51 2
52 0
53 57
54 26
55 41
56 26
57 3
58 28
59 9
60 32
61 31
62 12
63 44
64 0
65 71
66 2
67 13
68 5
69 4
70 7
71 2
72 49
73 39
74 23
75 43
76 135
77 88
78 0
79 59
80 4
81 4
82 12
83 53
84 22
85 115
86 2
87 0
88 85
89 69
90 58
91 82
92 7
93 62
94 25
95 52
96 69
97 22
98 28
99 0
100 155
101 26
102 14
103 5
104 11
105 3
106 1
107 46
108 13
109 10
110 30
111 35
112 7
113 0
114 43
115 4
116 2
117 20
118 21
119 7
120 23
121 2
122 0
123 32
124 38
125 31
126 37
127 2
128 44
129 1
130 41
131 18
132 13
133 28
134 0
135 45
136 3
137 13
138 1
139 1
140 15
141 191
142 2
143 5
144 2
145 2
146 49
147 2
148 4
149 4
150 19
151 23
152 0
153 43
154 3
155 3
156 1
157 10
158 8
159 13
160 1
161 0
162 10
163 36
164 7
165 16
166 2
167 56
168 3
169 31
170 11
171 15
172 4
173 0
174 25
175 8
176 5
177 2
178 3
179 7
180 8
181 1
182 59
183 40
184 33
185 38
186 95
187 99
188 0
189 57
190 8
191 4
192 22
193 57
194 18
195 98
196 3
197 0
198 70
199 68
200 64
201 74
202 10
203 64
204 21
205 46
206 76
207 26
208 46
209 0
210 166
211 26
212 15
213 12
214 17
215 4
216 1
217 37
218 24
219 23
220 38
221 98
222 83
223 0
224 42
225 5
226 4
227 21
228 38
229 9
230 103
231 3
232 0
233 18
234 55
235 45
236 67
237 6
238 45
239 12
240 42
241 50
242 21
243 109
244 0
245 158
246 13
247 7
248 3
249 6
250 4
251 1
252 21
253 13
254 20
255 13
256 44
257 61
258 0
259 18
260 4
261 1
262 59
263 16
264 4
265 27
266 2
267 0
268 28
269 26
270 24
271 44
272 7
273 21
274 6
275 16
276 49
277 22
278 16
279 0
280 80
281 15
282 6
283 2
284 7
285 3
286 2
287 1
288 14
289 10
290 4
291 2
292 8
293 16
294 0
295 15
296 2
297 2
298 1
299 8
300 10
301 4
302 2
303 0
304 17
305 14
306 7
307 13
308 3
309 18
310 2
311 14
312 21
313 4
314 7
315 0
316 23
317 9
318 9
319 3
320 3
321 2
322 35
323 10
324 9
325 6
326 28
327 23
328 22
329 0
330 22
331 4
332 1
333 18
334 10
335 4
336 10
337 2
338 0
339 27
340 17
341 14
342 7
343 2
344 22
345 1
346 8
347 13
348 6
349 2
350 0
351 24
352 4
353 12
354 2
355 2
356 1
357 2
358 15
359 9
360 6
361 16
362 46
363 29
364 0
365 21
366 1
367 6
368 18
369 8
370 5
371 8
372 2
373 0
374 8
375 19
376 14
377 18
378 3
379 19
380 2
381 9
382 13
383 18
384 4
385 0
386 32
387 5
388 13
389 1
390 6
391 14
392 49
393 5
394 26
395 3
396 1
397 9
398 4
399 1
400 16
401 19
402 2
403 0
404 11
405 1
406 1
407 5
408 1
409 4
410 5
411 2
412 0
413 6
414 10
415 7
416 9
417 2
418 9
419 1
420 9
421 4
422 4
423 4
424 0
425 11
426 1
427 6
428 1
429 1
430 1
431 1
432 25
433 5
434 2
435 14
436 19
437 4
438 0
439 25
440 2
441 1
442 8
443 8
444 4
445 9
446 1
447 0
448 9
449 24
450 9
451 17
452 1
453 28
454 2
455 16
456 8
457 4
458 4
459 0
460 17
461 2
462 5
463 2
464 1
465 3
466 2
467 24
468 15
469 31
470 49
471 39
472 9
473 0
474 27
475 2
476 1
477 22
478 15
479 8
480 19
481 3
482 0
483 31
484 22
485 20
486 27
487 2
488 26
489 2
490 26
491 11
492 14
493 18
494 0
495 38
496 3
497 12
498 1
499 1
500 4
501 2
502 37
503 15
504 27
505 32
506 45
507 11
508 0
509 42
510 2
511 1
512 27
513 17
514 8
515 25
516 3
517 0
518 27
519 43
520 28
521 30
522 1
523 38
524 3
525 41
526 21
527 15
528 28
529 0
530 54
531 3
532 12
533 1
534 1
535 3
536 4
537 24
538 11
539 26
540 29
541 56
542 68
543 0
544 27
545 4
546 2
547 13
548 39
549 8
550 79
551 3
552 0
553 42
554 21
555 46
556 51
557 3
558 26
559 17
560 19
561 39
562 9
563 22
564 0
565 97
566 4
567 13
568 2
569 2
570 6
571 5
572 36
573 19
574 23
575 18
576 77
577 61
578 0
579 32
580 7
581 5
582 24
583 30
584 9
585 20
586 2
587 0
588 16
589 34
590 33
591 47
592 7
593 39
594 3
595 31
596 30
597 23
598 40
599 0
600 99
601 8
602 17
603 3
604 3
605 8
606 2
607 35
608 22
609 12
610 22
611 72
612 40
613 0
614 36
615 6
616 2
617 8
618 32
619 4
620 75
621 2
622 0
623 52
624 34
625 43
626 41
627 2
628 40
629 12
630 19
631 45
632 12
633 36
634 0
635 146
636 3
637 7
638 3
639 3
640 2
641 20
642 9
643 1
644 71
645 40
646 33
647 42
648 126
649 131
650 0
651 68
652 7
653 3
654 13
655 64
656 32
657 138
658 4
659 0
660 96
661 81
662 82
663 105
664 10
665 68
666 23
667 54
668 92
669 26
670 21
671 0
672 188
673 62
674 24
675 16
676 8
677 11
