0 7
1 1
2 50
3 30
4 30
5 38
6 111
7 105
8 0
9 63
10 8
11 17
12 16
13 46
14 43
15 63
16 3
17 0
18 83
19 85
20 69
21 82
22 20
23 58
24 24
25 41
26 85
27 166
28 51
29 0
30 123
31 71
32 22
33 4
34 29
35 3
36 2
37 28
38 21
39 25
40 45
41 108
42 58
43 0
44 26
45 3
46 3
47 13
48 25
49 8
50 68
51 3
52 0
53 57
54 25
55 46
56 28
57 3
58 26
59 12
60 26
61 29
62 13
63 14
64 0
65 80
66 2
67 13
68 3
69 3
70 9
71 1
72 56
73 32
74 24
75 46
76 121
77 97
78 0
79 60
80 5
81 5
82 21
83 61
84 23
85 118
86 3
87 0
88 80
89 90
90 71
91 78
92 12
93 66
94 21
95 51
96 82
97 26
98 54
99 0
100 169
101 20
102 20
103 6
104 14
105 5
106 1
107 59
108 15
109 33
110 22
111 36
112 27
113 0
114 55
115 5
116 3
117 25
118 25
119 9
120 45
121 2
122 0
123 50
124 53
125 45
126 47
127 1
128 60
129 7
130 45
131 28
132 19
133 36
134 0
135 71
136 5
137 12
138 2
139 1
140 8
141 130
142 4
143 6
144 1
145 1
146 31
147 2
148 2
149 4
150 13
151 14
152 0
153 27
154 3
155 1
156 2
157 9
158 2
159 11
160 1
161 0
162 6
163 34
164 10
165 12
166 1
167 32
168 3
169 22
170 15
171 15
172 2
173 0
174 19
175 4
176 4
177 1
178 1
179 7
180 9
181 2
182 52
183 34
184 33
185 33
186 120
187 92
188 0
189 51
190 8
191 4
192 22
193 40
194 14
195 85
196 3
197 0
198 69
199 63
200 59
201 65
202 9
203 55
204 18
205 45
206 69
207 35
208 38
209 0
210 144
211 31
212 14
213 10
214 16
215 3
216 1
217 41
218 23
219 28
220 33
221 119
222 79
223 0
224 39
225 14
226 14
227 24
228 32
229 10
230 102
231 2
232 0
233 41
234 51
235 48
236 52
237 19
238 52
239 14
240 34
241 50
242 45
243 107
244 0
245 114
246 19
247 8
248 6
249 34
250 3
251 2
252 31
253 16
254 27
255 16
256 65
257 52
258 0
259 34
260 3
261 4
262 49
263 24
264 4
265 16
266 1
267 0
268 31
269 34
270 24
271 33
272 4
273 34
274 5
275 23
276 47
277 19
278 11
279 0
280 67
281 12
282 8
283 2
284 4
285 6
286 1
287 2
288 2
289 2
290 2
291 1
292 5
293 2
294 0
295 2
296 1
297 1
298 2
299 1
300 1
301 2
302 1
303 0
304 3
305 2
306 2
307 1
308 2
309 2
310 1
311 1
312 2
313 1
314 4
315 0
316 3
317 2
318 1
319 2
320 2
321 3
322 3
323 43
324 16
325 17
326 20
327 58
328 32
329 0
330 44
331 3
332 1
333 21
334 20
335 8
336 19
337 2
338 0
339 39
340 42
341 36
342 39
343 2
344 40
345 3
346 42
347 29
348 16
349 31
350 0
351 68
352 6
353 13
354 1
355 2
356 3
357 3
358 35
359 18
360 24
361 37
362 90
363 35
364 0
365 36
366 4
367 5
368 30
369 24
370 7
371 15
372 1
373 0
374 39
375 37
376 25
377 42
378 4
379 39
380 7
381 32
382 23
383 24
384 42
385 0
386 99
387 9
388 13
389 3
390 6
391 2
392 67
393 5
394 12
395 1
396 1
397 23
398 5
399 5
400 15
401 15
402 4
403 0
404 15
405 2
406 1
407 10
408 12
409 4
410 6
411 1
412 0
413 8
414 19
415 11
416 21
417 1
418 23
419 1
420 13
421 7
422 6
423 6
424 0
425 24
426 3
427 6
428 1
429 1
430 1
431 1
432 23
433 7
434 6
435 14
436 18
437 5
438 0
439 22
440 2
441 1
442 7
443 10
444 4
445 9
446 1
447 0
448 14
449 22
450 10
451 21
452 1
453 25
454 2
455 21
456 10
457 6
458 8
459 0
460 23
461 3
462 6
463 1
464 1
465 3
466 2
467 23
468 13
469 15
470 48
471 29
472 9
473 0
474 24
475 2
476 1
477 18
478 13
479 6
480 14
481 2
482 0
483 21
484 23
485 21
486 25
487 1
488 25
489 2
490 23
491 12
492 10
493 25
494 0
495 31
496 3
497 11
498 1
499 1
500 4
501 5
502 62
503 15
504 34
505 36
506 39
507 28
508 0
509 55
510 6
511 2
512 21
513 23
514 10
515 41
516 4
517 0
518 42
519 49
520 56
521 44
522 2
523 56
524 6
525 52
526 31
527 13
528 35
529 0
530 68
531 5
532 16
533 2
534 2
535 4
536 8
537 33
538 13
539 28
540 26
541 91
542 63
543 0
544 35
545 4
546 3
547 15
548 36
549 8
550 85
551 3
552 0
553 42
554 30
555 63
556 32
557 2
558 41
559 12
560 30
561 31
562 15
563 30
564 0
565 85
566 3
567 13
568 2
569 3
570 5
571 2
572 41
573 18
574 24
575 20
576 85
577 55
578 0
579 40
580 4
581 3
582 21
583 34
584 6
585 22
586 2
587 0
588 26
589 42
590 34
591 45
592 5
593 43
594 6
595 30
596 31
597 19
598 42
599 0
600 91
601 7
602 18
603 2
604 2
605 4
606 2
607 46
608 28
609 26
610 42
611 110
612 88
613 0
614 43
615 4
616 3
617 15
618 38
619 10
620 97
621 6
622 0
623 56
624 45
625 60
626 48
627 3
628 44
629 14
630 35
631 44
632 11
633 31
634 0
635 124
636 6
637 13
638 4
639 3
640 2
641 11
642 8
643 2
644 69
645 44
646 42
647 46
648 141
649 133
650 0
651 77
652 9
653 15
654 18
655 64
656 37
657 135
658 3
659 0
660 104
661 96
662 75
663 97
664 12
665 84
666 23
667 58
668 89
669 57
670 40
671 0
672 202
673 65
674 33
675 12
676 10
677 26
