0 8
1 1
2 71
3 37
4 33
5 39
6 130
7 110
8 0
9 74
10 7
11 16
12 17
13 50
14 41
15 80
16 2
17 0
18 91
19 106
20 66
21 87
22 22
23 76
24 26
25 56
26 78
27 166
28 41
29 0
30 150
31 70
32 26
33 6
34 31
35 3
36 2
37 27
38 20
39 24
40 42
41 108
42 56
43 0
44 27
45 3
46 3
47 13
48 25
49 8
50 70
51 3
52 0
53 57
54 28
55 49
56 37
57 2
58 29
59 10
60 28
61 26
62 12
63 16
64 0
65 81
66 2
67 13
68 2
69 3
70 8
71 2
72 61
73 38
74 25
75 43
76 125
77 97
78 0
79 61
80 5
81 3
82 20
83 51
84 21
85 116
86 3
87 0
88 80
89 79
90 82
91 85
92 11
93 65
94 20
95 51
96 74
97 27
98 45
99 0
100 170
101 20
102 17
103 5
104 11
105 5
106 1
107 58
108 16
109 32
110 16
111 38
112 26
113 0
114 57
115 5
116 3
117 22
118 25
119 9
120 53
121 3
122 0
123 51
124 54
125 44
126 44
127 1
128 57
129 7
130 50
131 29
132 18
133 35
134 0
135 69
136 5
137 13
138 2
139 1
140 6
141 118
142 4
143 5
144 1
145 1
146 30
147 1
148 2
149 2
150 15
151 14
152 0
153 26
154 2
155 1
156 2
157 9
158 2
159 11
160 1
161 0
162 5
163 33
164 12
165 13
166 1
167 32
168 2
169 23
170 15
171 15
172 2
173 0
174 20
175 4
176 4
177 2
178 1
179 7
180 8
181 1
182 52
183 32
184 29
185 31
186 122
187 91
188 0
189 51
190 7
191 4
192 23
193 42
194 14
195 85
196 2
197 0
198 69
199 60
200 59
201 64
202 12
203 56
204 17
205 46
206 70
207 29
208 33
209 0
210 136
211 31
212 13
213 9
214 17
215 3
216 1
217 40
218 23
219 28
220 32
221 116
222 81
223 0
224 38
225 10
226 14
227 24
228 33
229 9
230 100
231 2
232 0
233 45
234 49
235 47
236 55
237 19
238 44
239 13
240 44
241 51
242 21
243 73
244 0
245 112
246 18
247 9
248 7
249 32
250 2
251 2
252 30
253 18
254 27
255 15
256 71
257 66
258 0
259 32
260 2
261 2
262 48
263 26
264 5
265 22
266 1
267 0
268 32
269 33
270 28
271 33
272 5
273 34
274 5
275 23
276 45
277 19
278 14
279 0
280 73
281 12
282 10
283 2
284 4
285 5
286 1
287 1
288 2
289 2
290 1
291 1
292 4
293 2
294 0
295 2
296 1
297 1
298 1
299 1
300 1
301 2
302 1
303 0
304 2
305 2
306 1
307 1
308 2
309 2
310 1
311 2
312 2
313 1
314 2
315 0
316 3
317 2
318 1
319 1
320 2
321 3
322 2
323 40
324 16
325 20
326 17
327 81
328 31
329 0
330 38
331 3
332 2
333 22
334 22
335 7
336 18
337 1
338 0
339 35
340 37
341 33
342 37
343 2
344 40
345 3
346 35
347 24
348 15
349 25
350 0
351 57
352 5
353 11
354 1
355 1
356 3
357 2
358 36
359 19
360 25
361 47
362 111
363 48
364 0
365 34
366 3
367 5
368 27
369 24
370 7
371 18
372 1
373 0
374 44
375 39
376 32
377 40
378 3
379 38
380 6
381 32
382 32
383 24
384 19
385 0
386 99
387 9
388 17
389 3
390 7
391 2
392 71
393 5
394 24
395 1
396 1
397 21
398 8
399 4
400 13
401 14
402 5
403 0
404 18
405 2
406 1
407 8
408 11
409 4
410 6
411 1
412 0
413 10
414 19
415 12
416 19
417 1
418 23
419 1
420 12
421 7
422 6
423 4
424 0
425 24
426 3
427 6
428 1
429 1
430 1
431 1
432 23
433 6
434 4
435 12
436 17
437 4
438 0
439 21
440 2
441 2
442 9
443 11
444 6
445 8
446 1
447 0
448 9
449 25
450 14
451 22
452 1
453 23
454 1
455 17
456 9
457 6
458 6
459 0
460 21
461 3
462 5
463 1
464 1
465 3
466 1
467 33
468 15
469 15
470 51
471 32
472 9
473 0
474 31
475 2
476 2
477 14
478 14
479 6
480 17
481 2
482 0
483 21
484 27
485 29
486 25
487 1
488 29
489 2
490 22
491 17
492 10
493 21
494 0
495 30
496 3
497 11
498 1
499 1
500 4
501 5
502 56
503 15
504 38
505 40
506 39
507 27
508 0
509 56
510 6
511 2
512 21
513 24
514 11
515 44
516 3
517 0
518 50
519 53
520 51
521 46
522 2
523 56
524 7
525 49
526 30
527 14
528 30
529 0
530 56
531 5
532 16
533 2
534 1
535 4
536 6
537 43
538 16
539 29
540 28
541 103
542 64
543 0
544 40
545 3
546 3
547 18
548 38
549 11
550 99
551 3
552 0
553 54
554 38
555 64
556 48
557 1
558 44
559 14
560 31
561 34
562 15
563 28
564 0
565 89
566 3
567 13
568 2
569 2
570 4
571 1
572 42
573 17
574 23
575 21
576 83
577 53
578 0
579 38
580 4
581 2
582 23
583 31
584 8
585 21
586 2
587 0
588 40
589 40
590 36
591 43
592 3
593 43
594 5
595 32
596 29
597 18
598 38
599 0
600 93
601 6
602 18
603 2
604 2
605 6
606 2
607 44
608 27
609 30
610 39
611 121
612 82
613 0
614 43
615 4
616 3
617 16
618 38
619 10
620 103
621 4
622 0
623 63
624 45
625 71
626 47
627 2
628 44
629 13
630 35
631 43
632 14
633 29
634 0
635 113
636 5
637 11
638 4
639 2
640 2
641 13
642 8
643 1
644 78
645 44
646 33
647 54
648 140
649 120
650 0
651 85
652 7
653 13
654 17
655 65
656 38
657 132
658 3
659 0
660 102
661 123
662 80
663 99
664 13
665 84
666 25
667 68
668 79
669 50
670 38
671 0
672 191
673 46
674 28
675 14
676 10
677 25
