0 8
1 1
2 69
3 35
4 28
5 38
6 128
7 109
8 0
9 76
10 6
11 16
12 17
13 50
14 42
15 82
16 2
17 0
18 91
19 104
20 67
21 87
22 21
23 73
24 25
25 57
26 70
27 165
28 40
29 0
30 153
31 70
32 26
33 6
34 30
35 3
36 2
37 27
38 20
39 24
40 43
41 108
42 56
43 0
44 26
45 3
46 3
47 13
48 25
49 8
50 69
51 3
52 0
53 59
54 28
55 49
56 37
57 2
58 29
59 11
60 28
61 26
62 11
63 18
64 0
65 84
66 3
67 13
68 2
69 2
70 8
71 1
72 60
73 39
74 24
75 42
76 126
77 98
78 0
79 60
80 5
81 3
82 19
83 52
84 21
85 117
86 2
87 0
88 79
89 80
90 76
91 85
92 10
93 63
94 20
95 51
96 72
97 27
98 39
99 0
100 168
101 20
102 17
103 5
104 11
105 4
106 1
107 58
108 17
109 32
110 14
111 36
112 27
113 0
114 59
115 5
116 2
117 20
118 25
119 9
120 54
121 3
122 0
123 49
124 54
125 45
126 44
127 1
128 58
129 7
130 51
131 29
132 18
133 38
134 0
135 69
136 5
137 12
138 2
139 1
140 7
141 121
142 4
143 4
144 1
145 1
146 28
147 1
148 2
149 3
150 15
151 15
152 0
153 27
154 2
155 1
156 2
157 9
158 2
159 11
160 1
161 0
162 5
163 33
164 11
165 15
166 1
167 32
168 3
169 23
170 16
171 16
172 2
173 0
174 19
175 4
176 4
177 2
178 1
179 7
180 8
181 1
182 52
183 33
184 30
185 31
186 121
187 93
188 0
189 52
190 7
191 4
192 24
193 41
194 13
195 85
196 2
197 0
198 71
199 60
200 58
201 65
202 11
203 56
204 16
205 44
206 69
207 28
208 33
209 0
210 136
211 30
212 13
213 9
214 19
215 3
216 2
217 42
218 23
219 28
220 32
221 115
222 81
223 0
224 39
225 9
226 13
227 24
228 35
229 10
230 98
231 2
232 0
233 48
234 50
235 47
236 52
237 18
238 44
239 14
240 44
241 51
242 19
243 77
244 0
245 113
246 18
247 9
248 7
249 31
250 2
251 2
252 33
253 18
254 27
255 15
256 78
257 66
258 0
259 32
260 2
261 2
262 50
263 27
264 5
265 22
266 1
267 0
268 30
269 33
270 24
271 32
272 5
273 35
274 5
275 25
276 48
277 19
278 12
279 0
280 72
281 12
282 9
283 1
284 4
285 5
286 1
287 1
288 2
289 2
290 1
291 1
292 5
293 1
294 0
295 2
296 1
297 1
298 1
299 1
300 1
301 2
302 1
303 0
304 2
305 1
306 1
307 1
308 2
309 2
310 1
311 2
312 2
313 1
314 2
315 0
316 3
317 2
318 1
319 1
320 2
321 3
322 2
323 38
324 16
325 20
326 16
327 86
328 30
329 0
330 40
331 3
332 2
333 22
334 20
335 7
336 17
337 2
338 0
339 34
340 38
341 33
342 37
343 2
344 40
345 3
346 35
347 24
348 15
349 27
350 0
351 59
352 5
353 11
354 1
355 1
356 3
357 2
358 36
359 20
360 23
361 50
362 110
363 47
364 0
365 33
366 3
367 6
368 28
369 25
370 8
371 18
372 1
373 0
374 43
375 40
376 30
377 41
378 2
379 37
380 6
381 31
382 30
383 22
384 22
385 0
386 99
387 9
388 17
389 3
390 7
391 2
392 78
393 5
394 20
395 1
396 1
397 22
398 10
399 4
400 14
401 14
402 4
403 0
404 19
405 2
406 1
407 8
408 11
409 4
410 6
411 1
412 0
413 10
414 19
415 13
416 19
417 1
418 23
419 1
420 13
421 6
422 6
423 5
424 0
425 23
426 3
427 7
428 1
429 1
430 1
431 1
432 23
433 6
434 4
435 13
436 16
437 4
438 0
439 21
440 2
441 2
442 8
443 11
444 6
445 8
446 1
447 0
448 10
449 25
450 15
451 21
452 1
453 23
454 1
455 16
456 9
457 6
458 6
459 0
460 22
461 2
462 5
463 1
464 1
465 3
466 1
467 32
468 15
469 16
470 49
471 31
472 9
473 0
474 31
475 2
476 2
477 13
478 13
479 5
480 16
481 2
482 0
483 21
484 28
485 29
486 26
487 1
488 28
489 2
490 21
491 18
492 10
493 17
494 0
495 32
496 3
497 11
498 1
499 1
500 4
501 6
502 54
503 16
504 40
505 41
506 38
507 27
508 0
509 57
510 5
511 2
512 22
513 27
514 10
515 43
516 3
517 0
518 49
519 56
520 54
521 46
522 2
523 56
524 7
525 50
526 32
527 15
528 25
529 0
530 58
531 5
532 16
533 2
534 1
535 4
536 7
537 44
538 15
539 32
540 29
541 109
542 66
543 0
544 41
545 3
546 3
547 19
548 37
549 11
550 99
551 3
552 0
553 54
554 36
555 62
556 49
557 1
558 44
559 14
560 30
561 34
562 15
563 27
564 0
565 88
566 3
567 14
568 2
569 2
570 4
571 1
572 42
573 16
574 23
575 20
576 84
577 54
578 0
579 39
580 3
581 2
582 23
583 31
584 7
585 22
586 2
587 0
588 40
589 42
590 36
591 43
592 2
593 42
594 5
595 33
596 28
597 17
598 39
599 0
600 95
601 6
602 17
603 2
604 2
605 6
606 2
607 44
608 27
609 31
610 37
611 118
612 82
613 0
614 44
615 4
616 3
617 16
618 39
619 10
620 99
621 4
622 0
623 64
624 47
625 70
626 48
627 1
628 45
629 13
630 36
631 41
632 14
633 30
634 0
635 110
636 6
637 11
638 4
639 3
640 2
641 19
642 9
643 1
644 78
645 45
646 34
647 54
648 143
649 121
650 0
651 82
652 8
653 13
654 19
655 64
656 38
657 131
658 3
659 0
660 102
661 123
662 81
663 96
664 11
665 82
666 24
667 70
668 81
669 46
670 36
671 0
672 195
673 43
674 29
675 13
676 11
677 27
