0 8
1 1
2 60
3 30
4 29
5 45
6 123
7 113
8 0
9 65
10 14
11 14
12 21
13 50
14 41
15 78
16 2
17 0
18 87
19 104
20 66
21 77
22 23
23 75
24 27
25 42
26 63
27 135
28 52
29 0
30 134
31 69
32 25
33 6
34 34
35 4
36 1
37 36
38 20
39 23
40 44
41 111
42 55
43 0
44 34
45 3
46 3
47 15
48 27
49 8
50 81
51 2
52 0
53 59
54 34
55 49
56 37
57 2
58 37
59 12
60 29
61 29
62 12
63 20
64 0
65 83
66 3
67 15
68 3
69 3
70 9
71 1
72 56
73 39
74 24
75 47
76 133
77 95
78 0
79 61
80 6
81 5
82 19
83 54
84 19
85 114
86 4
87 0
88 84
89 79
90 77
91 93
92 12
93 59
94 21
95 54
96 74
97 26
98 43
99 0
100 161
101 22
102 17
103 6
104 13
105 4
106 1
107 56
108 17
109 33
110 18
111 38
112 28
113 0
114 54
115 5
116 3
117 23
118 24
119 9
120 45
121 2
122 0
123 54
124 52
125 52
126 44
127 1
128 59
129 6
130 54
131 28
132 15
133 27
134 0
135 80
136 5
137 12
138 2
139 2
140 6
141 118
142 6
143 6
144 2
145 1
146 44
147 2
148 6
149 4
150 17
151 14
152 0
153 42
154 2
155 2
156 1
157 9
158 3
159 9
160 1
161 0
162 5
163 49
164 9
165 16
166 2
167 41
168 3
169 23
170 20
171 13
172 2
173 0
174 18
175 3
176 5
177 1
178 2
179 6
180 6
181 1
182 56
183 34
184 34
185 30
186 116
187 99
188 0
189 55
190 7
191 4
192 29
193 39
194 14
195 90
196 3
197 0
198 75
199 58
200 59
201 66
202 18
203 57
204 17
205 45
206 66
207 33
208 38
209 0
210 139
211 34
212 13
213 8
214 16
215 4
216 2
217 38
218 24
219 26
220 34
221 114
222 81
223 0
224 44
225 12
226 14
227 26
228 31
229 12
230 106
231 3
232 0
233 50
234 46
235 52
236 53
237 15
238 45
239 13
240 41
241 51
242 30
243 53
244 0
245 122
246 21
247 8
248 8
249 31
250 3
251 3
252 31
253 14
254 29
255 15
256 67
257 44
258 0
259 31
260 2
261 3
262 57
263 23
264 5
265 23
266 2
267 0
268 32
269 40
270 28
271 35
272 6
273 32
274 4
275 25
276 47
277 19
278 16
279 0
280 71
281 12
282 8
283 2
284 4
285 6
286 1
287 1
288 1
289 2
290 2
291 2
292 4
293 2
294 0
295 2
296 1
297 1
298 1
299 1
300 2
301 2
302 1
303 0
304 3
305 2
306 1
307 1
308 2
309 2
310 2
311 2
312 2
313 1
314 3
315 0
316 3
317 2
318 1
319 2
320 2
321 2
322 3
323 45
324 15
325 20
326 20
327 56
328 23
329 0
330 39
331 3
332 2
333 20
334 23
335 8
336 16
337 1
338 0
339 38
340 39
341 34
342 35
343 2
344 40
345 3
346 40
347 27
348 15
349 26
350 0
351 67
352 5
353 13
354 1
355 2
356 3
357 2
358 35
359 16
360 22
361 44
362 96
363 44
364 0
365 35
366 3
367 5
368 21
369 25
370 8
371 19
372 1
373 0
374 36
375 41
376 31
377 44
378 3
379 36
380 7
381 26
382 29
383 14
384 42
385 0
386 98
387 8
388 16
389 3
390 6
391 1
392 73
393 4
394 43
395 2
396 1
397 22
398 5
399 5
400 15
401 14
402 4
403 0
404 16
405 2
406 2
407 9
408 11
409 4
410 5
411 1
412 0
413 10
414 20
415 13
416 21
417 1
418 25
419 1
420 13
421 9
422 4
423 7
424 0
425 19
426 3
427 7
428 1
429 1
430 2
431 1
432 23
433 7
434 4
435 11
436 20
437 5
438 0
439 20
440 3
441 2
442 8
443 12
444 5
445 8
446 1
447 0
448 12
449 20
450 14
451 17
452 1
453 24
454 2
455 21
456 9
457 6
458 7
459 0
460 22
461 3
462 7
463 1
464 1
465 2
466 2
467 28
468 15
469 13
470 43
471 30
472 10
473 0
474 28
475 1
476 1
477 12
478 13
479 6
480 14
481 2
482 0
483 18
484 21
485 19
486 26
487 1
488 24
489 2
490 26
491 12
492 12
493 20
494 0
495 36
496 4
497 12
498 1
499 1
500 5
501 3
502 52
503 15
504 36
505 37
506 40
507 29
508 0
509 55
510 7
511 2
512 22
513 25
514 11
515 33
516 3
517 0
518 50
519 49
520 60
521 40
522 2
523 56
524 7
525 54
526 27
527 14
528 48
529 0
530 57
531 4
532 15
533 2
534 1
535 3
536 5
537 39
538 12
539 29
540 27
541 91
542 64
543 0
544 36
545 3
546 2
547 17
548 32
549 10
550 86
551 2
552 0
553 47
554 33
555 55
556 38
557 2
558 39
559 14
560 28
561 31
562 15
563 28
564 0
565 91
566 5
567 14
568 2
569 3
570 5
571 2
572 44
573 18
574 25
575 20
576 81
577 61
578 0
579 40
580 5
581 3
582 19
583 29
584 7
585 19
586 2
587 0
588 30
589 42
590 34
591 44
592 4
593 44
594 5
595 32
596 31
597 18
598 29
599 0
600 91
601 8
602 16
603 3
604 2
605 5
606 3
607 43
608 27
609 31
610 40
611 122
612 85
613 0
614 40
615 5
616 4
617 12
618 37
619 10
620 81
621 5
622 0
623 55
624 44
625 59
626 54
627 6
628 43
629 11
630 31
631 41
632 14
633 31
634 0
635 119
636 5
637 12
638 4
639 3
640 2
641 16
642 9
643 3
644 70
645 44
646 37
647 43
648 136
649 127
650 0
651 80
652 9
653 15
654 17
655 68
656 34
657 126
658 4
659 0
660 102
661 111
662 77
663 97
664 27
665 80
666 22
667 64
668 85
669 63
670 37
671 0
672 201
673 64
674 26
675 14
676 12
677 24
