0 9
1 1
2 62
3 28
4 27
5 40
6 115
7 122
8 0
9 67
10 11
11 15
12 21
13 51
14 39
15 73
16 3
17 0
18 94
19 105
20 69
21 79
22 24
23 68
24 23
25 43
26 40
27 163
28 40
29 0
30 129
31 72
32 26
33 7
34 39
35 3
36 3
37 30
38 21
39 26
40 50
41 133
42 51
43 0
44 30
45 2
46 2
47 15
48 33
49 7
50 69
51 2
52 0
53 57
54 27
55 54
56 40
57 2
58 32
59 9
60 28
61 31
62 13
63 14
64 0
65 74
66 2
67 15
68 2
69 2
70 8
71 2
72 56
73 35
74 24
75 38
76 126
77 88
78 0
79 61
80 6
81 4
82 24
83 57
84 24
85 122
86 3
87 0
88 84
89 74
90 75
91 82
92 13
93 63
94 19
95 55
96 78
97 24
98 47
99 0
100 162
101 19
102 14
103 5
104 14
105 5
106 2
107 54
108 16
109 34
110 17
111 40
112 30
113 0
114 53
115 4
116 3
117 23
118 29
119 7
120 42
121 2
122 0
123 55
124 48
125 56
126 49
127 1
128 58
129 8
130 50
131 28
132 20
133 29
134 0
135 72
136 5
137 13
138 2
139 2
140 5
141 99
142 5
143 8
144 1
145 1
146 46
147 2
148 4
149 5
150 18
151 15
152 0
153 54
154 2
155 2
156 2
157 8
158 4
159 10
160 1
161 0
162 6
163 47
164 11
165 14
166 2
167 39
168 3
169 22
170 19
171 14
172 2
173 0
174 18
175 4
176 5
177 1
178 1
179 10
180 7
181 1
182 55
183 39
184 33
185 28
186 129
187 101
188 0
189 50
190 6
191 4
192 28
193 38
194 12
195 77
196 3
197 0
198 71
199 56
200 55
201 69
202 20
203 54
204 17
205 43
206 76
207 30
208 31
209 0
210 157
211 30
212 15
213 7
214 15
215 4
216 1
217 40
218 24
219 26
220 32
221 111
222 87
223 0
224 43
225 14
226 13
227 27
228 31
229 9
230 105
231 3
232 0
233 49
234 45
235 46
236 54
237 16
238 43
239 10
240 40
241 63
242 20
243 64
244 0
245 105
246 20
247 7
248 8
249 30
250 3
251 3
252 30
253 21
254 27
255 19
256 85
257 52
258 0
259 33
260 5
261 5
262 67
263 18
264 6
265 12
266 1
267 0
268 34
269 38
270 27
271 37
272 5
273 31
274 4
275 25
276 53
277 18
278 13
279 0
280 65
281 15
282 8
283 2
284 6
285 4
286 1
287 1
288 1
289 2
290 2
291 2
292 4
293 2
294 0
295 2
296 1
297 1
298 1
299 1
300 2
301 2
302 1
303 0
304 3
305 2
306 1
307 2
308 3
309 2
310 1
311 2
312 2
313 1
314 2
315 0
316 3
317 3
318 2
319 2
320 2
321 3
322 3
323 45
324 16
325 18
326 22
327 65
328 20
329 0
330 48
331 3
332 2
333 19
334 23
335 6
336 15
337 1
338 0
339 43
340 39
341 36
342 38
343 2
344 44
345 3
346 42
347 25
348 14
349 32
350 0
351 63
352 5
353 16
354 2
355 2
356 3
357 4
358 34
359 17
360 16
361 39
362 80
363 36
364 0
365 31
366 3
367 5
368 30
369 36
370 8
371 19
372 1
373 0
374 32
375 43
376 26
377 41
378 4
379 40
380 10
381 26
382 40
383 30
384 52
385 0
386 96
387 9
388 19
389 3
390 5
391 2
392 86
393 5
394 42
395 2
396 1
397 23
398 4
399 3
400 15
401 14
402 4
403 0
404 18
405 2
406 2
407 10
408 15
409 5
410 6
411 2
412 0
413 10
414 23
415 11
416 25
417 1
418 25
419 1
420 15
421 8
422 7
423 6
424 0
425 24
426 4
427 5
428 1
429 1
430 2
431 1
432 23
433 7
434 5
435 15
436 15
437 4
438 0
439 20
440 3
441 2
442 6
443 15
444 4
445 8
446 1
447 0
448 8
449 21
450 16
451 22
452 1
453 30
454 2
455 21
456 10
457 6
458 5
459 0
460 23
461 3
462 7
463 1
464 1
465 4
466 2
467 25
468 15
469 17
470 32
471 31
472 10
473 0
474 40
475 2
476 1
477 15
478 13
479 6
480 14
481 2
482 0
483 21
484 17
485 20
486 25
487 1
488 27
489 2
490 28
491 13
492 12
493 25
494 0
495 37
496 4
497 12
498 1
499 1
500 4
501 5
502 57
503 18
504 37
505 35
506 42
507 29
508 0
509 57
510 6
511 3
512 25
513 20
514 11
515 40
516 4
517 0
518 45
519 50
520 59
521 44
522 2
523 53
524 7
525 51
526 25
527 14
528 26
529 0
530 66
531 5
532 13
533 2
534 1
535 4
536 9
537 37
538 10
539 25
540 27
541 107
542 68
543 0
544 38
545 3
546 3
547 20
548 32
549 9
550 89
551 3
552 0
553 50
554 31
555 60
556 38
557 1
558 44
559 13
560 29
561 28
562 13
563 28
564 0
565 82
566 4
567 16
568 2
569 3
570 6
571 2
572 44
573 17
574 26
575 16
576 77
577 63
578 0
579 40
580 5
581 2
582 21
583 34
584 8
585 21
586 3
587 0
588 35
589 42
590 39
591 44
592 5
593 43
594 6
595 29
596 28
597 21
598 40
599 0
600 95
601 8
602 15
603 2
604 2
605 6
606 3
607 47
608 29
609 24
610 46
611 107
612 77
613 0
614 38
615 4
616 2
617 15
618 33
619 11
620 76
621 5
622 0
623 56
624 45
625 58
626 59
627 6
628 41
629 12
630 33
631 43
632 11
633 44
634 0
635 120
636 7
637 11
638 4
639 2
640 3
641 12
642 10
643 2
644 75
645 46
646 37
647 40
648 141
649 121
650 0
651 91
652 5
653 20
654 18
655 60
656 35
657 129
658 3
659 0
660 104
661 95
662 71
663 95
664 21
665 79
666 22
667 59
668 94
669 61
670 37
671 0
672 209
673 59
674 26
675 12
676 7
677 23
