0 7
1 1
2 62
3 27
4 27
5 39
6 100
7 98
8 0
9 66
10 7
11 12
12 16
13 48
14 39
15 64
16 2
17 0
18 80
19 104
20 63
21 75
22 16
23 61
24 24
25 47
26 56
27 165
28 48
29 0
30 111
31 70
32 27
33 6
34 34
35 3
36 1
37 27
38 20
39 26
40 43
41 101
42 52
43 0
44 26
45 2
46 3
47 14
48 26
49 7
50 75
51 3
52 0
53 56
54 28
55 47
56 36
57 2
58 27
59 12
60 31
61 28
62 12
63 12
64 0
65 83
66 2
67 14
68 2
69 3
70 9
71 2
72 61
73 36
74 24
75 44
76 125
77 96
78 0
79 62
80 5
81 3
82 23
83 49
84 22
85 113
86 3
87 0
88 75
89 86
90 75
91 87
92 12
93 66
94 22
95 51
96 76
97 27
98 42
99 0
100 167
101 18
102 19
103 4
104 10
105 5
106 1
107 54
108 17
109 33
110 17
111 38
112 26
113 0
114 60
115 5
116 3
117 20
118 25
119 8
120 57
121 3
122 0
123 51
124 53
125 44
126 44
127 1
128 58
129 8
130 50
131 27
132 19
133 42
134 0
135 70
136 5
137 12
138 1
139 1
140 7
141 123
142 3
143 4
144 1
145 1
146 29
147 2
148 2
149 4
150 14
151 15
152 0
153 29
154 3
155 1
156 2
157 8
158 2
159 12
160 1
161 0
162 5
163 31
164 11
165 11
166 1
167 31
168 3
169 25
170 15
171 15
172 2
173 0
174 18
175 4
176 4
177 1
178 1
179 9
180 9
181 1
182 51
183 36
184 28
185 30
186 117
187 91
188 0
189 53
190 9
191 3
192 24
193 41
194 14
195 79
196 2
197 0
198 72
199 60
200 58
201 69
202 9
203 57
204 17
205 46
206 67
207 30
208 32
209 0
210 145
211 32
212 13
213 8
214 17
215 3
216 1
217 45
218 25
219 27
220 30
221 116
222 80
223 0
224 44
225 12
226 12
227 24
228 32
229 10
230 103
231 2
232 0
233 42
234 46
235 47
236 53
237 19
238 41
239 12
240 39
241 53
242 37
243 61
244 0
245 112
246 20
247 9
248 6
249 43
250 2
251 2
252 26
253 18
254 26
255 20
256 66
257 68
258 0
259 31
260 2
261 2
262 53
263 24
264 4
265 25
266 1
267 0
268 31
269 37
270 30
271 31
272 4
273 34
274 6
275 24
276 37
277 19
278 11
279 0
280 73
281 12
282 7
283 2
284 5
285 5
286 1
287 1
288 1
289 2
290 1
291 1
292 4
293 2
294 0
295 2
296 1
297 1
298 1
299 1
300 1
301 2
302 1
303 0
304 2
305 2
306 1
307 2
308 2
309 2
310 1
311 2
312 2
313 1
314 2
315 0
316 3
317 2
318 2
319 1
320 1
321 3
322 2
323 37
324 15
325 20
326 17
327 76
328 24
329 0
330 39
331 2
332 2
333 22
334 21
335 7
336 18
337 2
338 0
339 36
340 39
341 38
342 36
343 2
344 37
345 3
346 36
347 26
348 16
349 19
350 0
351 54
352 5
353 12
354 1
355 1
356 3
357 2
358 36
359 18
360 23
361 46
362 95
363 48
364 0
365 33
366 4
367 5
368 31
369 21
370 7
371 15
372 1
373 0
374 34
375 43
376 24
377 40
378 3
379 40
380 6
381 30
382 33
383 21
384 23
385 0
386 91
387 9
388 16
389 3
390 8
391 1
392 71
393 5
394 11
395 2
396 1
397 23
398 8
399 3
400 14
401 12
402 6
403 0
404 18
405 2
406 1
407 9
408 12
409 4
410 6
411 1
412 0
413 9
414 20
415 12
416 18
417 2
418 24
419 1
420 14
421 6
422 7
423 6
424 0
425 24
426 3
427 6
428 1
429 1
430 2
431 1
432 23
433 5
434 4
435 14
436 18
437 4
438 0
439 22
440 2
441 1
442 7
443 12
444 6
445 9
446 1
447 0
448 11
449 23
450 14
451 20
452 1
453 25
454 1
455 16
456 9
457 6
458 11
459 0
460 22
461 3
462 5
463 2
464 1
465 3
466 2
467 27
468 14
469 16
470 46
471 34
472 10
473 0
474 30
475 2
476 2
477 14
478 14
479 5
480 16
481 2
482 0
483 21
484 28
485 25
486 25
487 1
488 31
489 2
490 21
491 18
492 10
493 40
494 0
495 30
496 3
497 12
498 1
499 1
500 4
501 5
502 59
503 14
504 37
505 38
506 34
507 27
508 0
509 61
510 7
511 1
512 19
513 26
514 9
515 47
516 3
517 0
518 42
519 55
520 47
521 43
522 2
523 55
524 7
525 53
526 21
527 14
528 22
529 0
530 63
531 5
532 14
533 1
534 1
535 3
536 6
537 40
538 11
539 29
540 28
541 85
542 62
543 0
544 36
545 4
546 3
547 17
548 36
549 10
550 94
551 3
552 0
553 43
554 32
555 52
556 45
557 2
558 35
559 13
560 31
561 31
562 16
563 25
564 0
565 85
566 3
567 13
568 2
569 2
570 5
571 1
572 40
573 16
574 25
575 23
576 81
577 52
578 0
579 39
580 3
581 3
582 23
583 32
584 9
585 22
586 2
587 0
588 37
589 40
590 35
591 46
592 3
593 44
594 6
595 31
596 32
597 17
598 37
599 0
600 92
601 7
602 18
603 2
604 2
605 7
606 2
607 42
608 27
609 26
610 40
611 114
612 90
613 0
614 41
615 4
616 3
617 12
618 37
619 10
620 79
621 4
622 0
623 59
624 45
625 67
626 52
627 3
628 44
629 13
630 33
631 43
632 14
633 32
634 0
635 111
636 5
637 13
638 4
639 2
640 2
641 10
642 7
643 1
644 80
645 45
646 31
647 52
648 141
649 122
650 0
651 79
652 7
653 15
654 19
655 64
656 35
657 136
658 3
659 0
660 102
661 129
662 75
663 106
664 13
665 89
666 22
667 68
668 81
669 53
670 40
671 0
672 192
673 58
674 34
675 11
676 9
677 27
