0 8
1 1
2 55
3 32
4 30
5 40
6 115
7 104
8 0
9 58
10 11
11 15
12 20
13 51
14 38
15 67
16 2
17 0
18 85
19 99
20 63
21 84
22 24
23 73
24 25
25 46
26 62
27 130
28 59
29 0
30 129
31 71
32 25
33 8
34 37
35 4
36 2
37 32
38 20
39 25
40 46
41 110
42 52
43 0
44 38
45 3
46 3
47 15
48 27
49 8
50 80
51 2
52 0
53 60
54 30
55 48
56 41
57 3
58 41
59 10
60 27
61 27
62 12
63 21
64 0
65 77
66 3
67 16
68 3
69 2
70 9
71 1
72 56
73 36
74 23
75 42
76 124
77 94
78 0
79 55
80 7
81 4
82 20
83 56
84 19
85 120
86 3
87 0
88 83
89 76
90 79
91 91
92 15
93 57
94 20
95 53
96 77
97 28
98 40
99 0
100 163
101 23
102 19
103 5
104 11
105 5
106 1
107 56
108 16
109 32
110 18
111 37
112 27
113 0
114 57
115 4
116 3
117 21
118 25
119 9
120 38
121 3
122 0
123 55
124 50
125 55
126 43
127 1
128 59
129 8
130 53
131 28
132 16
133 30
134 0
135 80
136 5
137 11
138 1
139 2
140 5
141 121
142 4
143 6
144 2
145 1
146 39
147 2
148 5
149 3
150 18
151 14
152 0
153 49
154 2
155 2
156 1
157 9
158 3
159 10
160 1
161 0
162 5
163 43
164 9
165 13
166 1
167 41
168 3
169 24
170 17
171 14
172 2
173 0
174 19
175 4
176 5
177 1
178 2
179 7
180 7
181 1
182 51
183 36
184 33
185 31
186 125
187 103
188 0
189 54
190 8
191 5
192 28
193 36
194 15
195 83
196 3
197 0
198 74
199 57
200 57
201 65
202 20
203 54
204 17
205 46
206 69
207 29
208 39
209 0
210 146
211 33
212 13
213 9
214 13
215 4
216 1
217 44
218 24
219 25
220 30
221 119
222 79
223 0
224 44
225 9
226 12
227 25
228 33
229 11
230 103
231 3
232 0
233 46
234 49
235 51
236 53
237 15
238 43
239 12
240 38
241 51
242 24
243 60
244 0
245 111
246 22
247 9
248 10
249 16
250 3
251 2
252 31
253 16
254 28
255 14
256 69
257 51
258 0
259 33
260 2
261 3
262 54
263 23
264 5
265 18
266 2
267 0
268 33
269 36
270 26
271 35
272 5
273 35
274 4
275 25
276 50
277 17
278 16
279 0
280 63
281 14
282 10
283 2
284 5
285 6
286 1
287 1
288 2
289 2
290 1
291 2
292 4
293 2
294 0
295 2
296 1
297 1
298 2
299 1
300 2
301 2
302 1
303 0
304 3
305 2
306 1
307 1
308 2
309 2
310 1
311 2
312 1
313 1
314 2
315 0
316 2
317 2
318 1
319 2
320 2
321 3
322 3
323 45
324 15
325 23
326 18
327 64
328 26
329 0
330 43
331 2
332 2
333 19
334 21
335 7
336 18
337 1
338 0
339 38
340 40
341 30
342 35
343 2
344 42
345 3
346 44
347 24
348 15
349 25
350 0
351 64
352 6
353 15
354 1
355 2
356 4
357 3
358 34
359 16
360 25
361 48
362 97
363 43
364 0
365 36
366 3
367 5
368 23
369 29
370 7
371 16
372 1
373 0
374 36
375 44
376 23
377 43
378 4
379 36
380 7
381 30
382 27
383 19
384 46
385 0
386 98
387 8
388 16
389 4
390 6
391 3
392 70
393 4
394 39
395 1
396 1
397 24
398 5
399 5
400 14
401 15
402 4
403 0
404 17
405 3
406 2
407 8
408 13
409 4
410 5
411 1
412 0
413 9
414 18
415 11
416 20
417 1
418 22
419 1
420 16
421 9
422 6
423 7
424 0
425 19
426 3
427 6
428 1
429 1
430 2
431 1
432 23
433 7
434 4
435 11
436 15
437 4
438 0
439 21
440 2
441 2
442 7
443 14
444 4
445 7
446 1
447 0
448 15
449 22
450 13
451 19
452 1
453 24
454 2
455 19
456 9
457 6
458 8
459 0
460 20
461 3
462 7
463 1
464 1
465 3
466 1
467 28
468 15
469 14
470 45
471 29
472 10
473 0
474 30
475 1
476 1
477 13
478 13
479 5
480 12
481 1
482 0
483 19
484 20
485 21
486 25
487 1
488 23
489 2
490 26
491 16
492 11
493 24
494 0
495 38
496 4
497 11
498 1
499 1
500 4
501 4
502 55
503 14
504 37
505 39
506 36
507 29
508 0
509 57
510 6
511 2
512 24
513 22
514 10
515 33
516 3
517 0
518 46
519 47
520 60
521 41
522 2
523 63
524 7
525 53
526 25
527 14
528 39
529 0
530 66
531 4
532 16
533 2
534 1
535 4
536 4
537 41
538 11
539 26
540 25
541 91
542 63
543 0
544 37
545 3
546 3
547 18
548 32
549 9
550 81
551 2
552 0
553 48
554 33
555 62
556 36
557 1
558 40
559 15
560 32
561 32
562 14
563 34
564 0
565 88
566 5
567 13
568 3
569 3
570 5
571 2
572 44
573 18
574 28
575 20
576 82
577 61
578 0
579 38
580 5
581 4
582 19
583 32
584 8
585 19
586 2
587 0
588 29
589 39
590 35
591 42
592 4
593 45
594 5
595 33
596 30
597 17
598 27
599 0
600 89
601 8
602 16
603 3
604 2
605 6
606 3
607 45
608 28
609 28
610 41
611 116
612 82
613 0
614 39
615 4
616 3
617 14
618 39
619 10
620 93
621 5
622 0
623 57
624 43
625 64
626 50
627 6
628 41
629 11
630 29
631 43
632 17
633 36
634 0
635 113
636 6
637 10
638 4
639 3
640 3
641 12
642 7
643 3
644 73
645 45
646 40
647 46
648 132
649 132
650 0
651 84
652 6
653 15
654 17
655 66
656 34
657 126
658 4
659 0
660 102
661 104
662 80
663 100
664 21
665 78
666 20
667 64
668 88
669 63
670 36
671 0
672 201
673 59
674 31
675 13
676 13
677 20
