0 7
1 5
2 56
3 35
4 35
5 42
6 108
7 70
8 0
9 59
10 7
11 7
12 15
13 56
14 41
15 69
16 2
17 0
18 67
19 120
20 50
21 60
22 14
23 61
24 19
25 34
26 38
27 57
28 38
29 0
30 104
31 72
32 22
33 5
34 19
35 4
36 2
37 26
38 18
39 30
40 33
41 107
42 51
43 0
44 28
45 4
46 4
47 9
48 24
49 10
50 70
51 3
52 0
53 60
54 30
55 39
56 30
57 2
58 28
59 10
60 22
61 29
62 12
63 34
64 0
65 70
66 2
67 10
68 5
69 4
70 8
71 2
72 56
73 41
74 26
75 46
76 133
77 86
78 0
79 54
80 7
81 4
82 14
83 50
84 20
85 116
86 1
87 0
88 83
89 81
90 51
91 91
92 6
93 62
94 13
95 52
96 74
97 26
98 45
99 0
100 138
101 22
102 16
103 6
104 12
105 3
106 1
107 46
108 13
109 15
110 26
111 37
112 6
113 0
114 44
115 4
116 4
117 20
118 20
119 6
120 15
121 3
122 0
123 28
124 38
125 27
126 36
127 2
128 43
129 1
130 40
131 20
132 12
133 16
134 0
135 52
136 3
137 12
138 1
139 1
140 15
141 201
142 3
143 6
144 2
145 2
146 49
147 2
148 4
149 3
150 20
151 16
152 0
153 39
154 3
155 3
156 1
157 10
158 8
159 16
160 1
161 0
162 9
163 43
164 12
165 19
166 2
167 55
168 2
169 43
170 26
171 19
172 4
173 0
174 30
175 5
176 5
177 1
178 2
179 7
180 10
181 1
182 56
183 40
184 33
185 32
186 95
187 105
188 0
189 58
190 9
191 4
192 22
193 54
194 18
195 88
196 3
197 0
198 69
199 75
200 65
201 75
202 10
203 59
204 19
205 41
206 70
207 26
208 42
209 0
210 160
211 31
212 10
213 12
214 19
215 5
216 1
217 46
218 24
219 21
220 39
221 100
222 85
223 0
224 45
225 4
226 2
227 23
228 39
229 8
230 110
231 3
232 0
233 32
234 55
235 50
236 68
237 6
238 46
239 11
240 42
241 48
242 25
243 98
244 0
245 151
246 13
247 7
248 4
249 6
250 3
251 2
252 23
253 19
254 20
255 17
256 48
257 96
258 0
259 19
260 4
261 2
262 34
263 17
264 3
265 33
266 1
267 0
268 24
269 25
270 23
271 32
272 6
273 25
274 5
275 21
276 50
277 20
278 10
279 0
280 70
281 11
282 7
283 2
284 9
285 7
286 2
287 1
288 13
289 4
290 3
291 2
292 8
293 9
294 0
295 6
296 1
297 2
298 5
299 20
300 10
301 15
302 2
303 0
304 20
305 4
306 3
307 15
308 2
309 2
310 2
311 3
312 14
313 3
314 7
315 0
316 26
317 9
318 8
319 2
320 2
321 3
322 46
323 18
324 10
325 6
326 13
327 16
328 22
329 0
330 17
331 5
332 1
333 19
334 13
335 5
336 13
337 2
338 0
339 30
340 12
341 14
342 17
343 2
344 27
345 2
346 9
347 11
348 5
349 7
350 0
351 18
352 4
353 13
354 2
355 2
356 2
357 2
358 16
359 12
360 6
361 21
362 48
363 43
364 0
365 14
366 1
367 6
368 14
369 12
370 3
371 9
372 2
373 0
374 14
375 9
376 14
377 15
378 2
379 24
380 2
381 12
382 14
383 37
384 5
385 0
386 52
387 4
388 11
389 2
390 8
391 7
392 48
393 5
394 22
395 3
396 1
397 8
398 4
399 2
400 13
401 17
402 3
403 0
404 11
405 1
406 1
407 4
408 1
409 3
410 4
411 2
412 0
413 5
414 9
415 7
416 10
417 2
418 9
419 2
420 9
421 5
422 3
423 5
424 0
425 10
426 1
427 6
428 1
429 1
430 2
431 1
432 23
433 5
434 2
435 15
436 15
437 4
438 0
439 20
440 2
441 1
442 8
443 8
444 3
445 8
446 1
447 0
448 9
449 21
450 10
451 16
452 1
453 27
454 1
455 17
456 6
457 4
458 6
459 0
460 17
461 2
462 5
463 2
464 1
465 5
466 1
467 25
468 14
469 27
470 44
471 40
472 7
473 0
474 28
475 2
476 1
477 18
478 15
479 8
480 20
481 3
482 0
483 31
484 22
485 23
486 26
487 1
488 25
489 3
490 26
491 11
492 15
493 15
494 0
495 35
496 3
497 11
498 1
499 1
500 4
501 1
502 37
503 13
504 27
505 32
506 45
507 10
508 0
509 38
510 3
511 1
512 22
513 15
514 8
515 23
516 3
517 0
518 30
519 42
520 28
521 31
522 1
523 42
524 2
525 42
526 22
527 13
528 29
529 0
530 51
531 3
532 9
533 1
534 1
535 3
536 4
537 22
538 11
539 29
540 24
541 56
542 77
543 0
544 32
545 7
546 2
547 11
548 38
549 11
550 99
551 2
552 0
553 43
554 23
555 47
556 34
557 3
558 26
559 14
560 19
561 36
562 10
563 17
564 0
565 95
566 4
567 11
568 3
569 2
570 6
571 4
572 41
573 18
574 19
575 20
576 75
577 63
578 0
579 30
580 7
581 5
582 25
583 31
584 9
585 20
586 2
587 0
588 28
589 33
590 34
591 45
592 7
593 36
594 4
595 28
596 31
597 20
598 38
599 0
600 98
601 8
602 17
603 3
604 3
605 5
606 2
607 30
608 30
609 16
610 16
611 60
612 69
613 0
614 39
615 5
616 2
617 7
618 40
619 6
620 76
621 3
622 0
623 53
624 39
625 42
626 60
627 2
628 35
629 12
630 22
631 45
632 13
633 109
634 0
635 123
636 3
637 7
638 2
639 2
640 1
641 82
642 9
643 2
644 68
645 43
646 33
647 40
648 131
649 128
650 0
651 67
652 7
653 9
654 12
655 62
656 28
657 143
658 4
659 0
660 98
661 86
662 75
663 99
664 10
665 73
666 26
667 53
668 89
669 26
670 22
671 0
672 185
673 59
674 22
675 15
676 11
677 16
