0 7
1 7
2 54
3 26
4 30
5 24
6 113
7 76
8 0
9 77
10 5
11 5
12 19
13 41
14 39
15 72
16 2
17 0
18 67
19 108
20 48
21 51
22 19
23 96
24 26
25 44
26 76
27 102
28 27
29 0
30 111
31 66
32 38
33 5
34 23
35 5
36 2
37 29
38 19
39 25
40 30
41 100
42 47
43 0
44 25
45 5
46 4
47 10
48 20
49 10
50 71
51 2
52 0
53 59
54 28
55 42
56 26
57 3
58 30
59 9
60 20
61 29
62 10
63 38
64 0
65 66
66 2
67 11
68 3
69 4
70 8
71 2
72 54
73 39
74 27
75 53
76 132
77 91
78 0
79 53
80 8
81 6
82 12
83 43
84 22
85 100
86 3
87 0
88 86
89 71
90 57
91 86
92 8
93 60
94 19
95 53
96 69
97 23
98 43
99 0
100 139
101 26
102 16
103 8
104 13
105 2
106 1
107 47
108 12
109 7
110 30
111 35
112 6
113 0
114 42
115 4
116 3
117 20
118 16
119 6
120 23
121 3
122 0
123 31
124 36
125 31
126 41
127 2
128 47
129 2
130 39
131 20
132 13
133 19
134 0
135 46
136 3
137 12
138 1
139 1
140 16
141 183
142 3
143 4
144 2
145 3
146 46
147 2
148 3
149 3
150 15
151 22
152 0
153 44
154 5
155 3
156 1
157 10
158 5
159 14
160 1
161 0
162 8
163 49
164 6
165 12
166 2
167 58
168 3
169 38
170 21
171 18
172 3
173 0
174 31
175 4
176 6
177 2
178 4
179 7
180 9
181 1
182 58
183 39
184 26
185 34
186 114
187 105
188 0
189 64
190 9
191 5
192 24
193 52
194 19
195 100
196 2
197 0
198 70
199 66
200 67
201 74
202 10
203 64
204 20
205 50
206 68
207 27
208 52
209 0
210 172
211 30
212 13
213 13
214 16
215 5
216 1
217 43
218 24
219 21
220 34
221 101
222 88
223 0
224 45
225 5
226 4
227 21
228 35
229 8
230 105
231 3
232 0
233 25
234 52
235 52
236 73
237 6
238 48
239 15
240 43
241 54
242 27
243 85
244 0
245 136
246 13
247 7
248 3
249 7
250 4
251 1
252 32
253 14
254 14
255 16
256 57
257 81
258 0
259 21
260 5
261 1
262 55
263 23
264 5
265 31
266 2
267 0
268 36
269 24
270 22
271 30
272 11
273 18
274 5
275 17
276 47
277 24
278 14
279 0
280 78
281 12
282 6
283 2
284 5
285 4
286 1
287 1
288 12
289 8
290 2
291 3
292 7
293 11
294 0
295 7
296 1
297 3
298 2
299 14
300 8
301 7
302 2
303 0
304 27
305 2
306 10
307 13
308 2
309 5
310 2
311 2
312 12
313 2
314 3
315 0
316 26
317 6
318 8
319 3
320 2
321 3
322 22
323 24
324 4
325 10
326 13
327 35
328 23
329 0
330 35
331 4
332 1
333 14
334 17
335 5
336 9
337 2
338 0
339 27
340 29
341 16
342 15
343 2
344 28
345 1
346 22
347 11
348 10
349 3
350 0
351 36
352 4
353 14
354 2
355 1
356 2
357 2
358 26
359 9
360 6
361 27
362 39
363 23
364 0
365 20
366 1
367 5
368 14
369 14
370 4
371 10
372 2
373 0
374 11
375 19
376 15
377 10
378 2
379 17
380 2
381 15
382 28
383 27
384 4
385 0
386 44
387 6
388 14
389 2
390 9
391 3
392 48
393 4
394 32
395 3
396 1
397 8
398 4
399 1
400 17
401 17
402 2
403 0
404 11
405 1
406 1
407 5
408 2
409 2
410 6
411 1
412 0
413 5
414 9
415 5
416 10
417 2
418 9
419 2
420 9
421 5
422 4
423 5
424 0
425 12
426 2
427 7
428 1
429 1
430 1
431 1
432 26
433 5
434 1
435 12
436 15
437 4
438 0
439 23
440 1
441 1
442 8
443 8
444 4
445 7
446 1
447 0
448 9
449 22
450 10
451 17
452 1
453 25
454 2
455 17
456 7
457 5
458 4
459 0
460 19
461 2
462 5
463 3
464 1
465 4
466 1
467 26
468 14
469 27
470 57
471 37
472 7
473 0
474 28
475 2
476 1
477 15
478 16
479 6
480 20
481 3
482 0
483 30
484 22
485 20
486 27
487 1
488 25
489 3
490 28
491 11
492 14
493 18
494 0
495 34
496 4
497 11
498 1
499 1
500 5
501 1
502 53
503 14
504 27
505 36
506 47
507 11
508 0
509 48
510 3
511 1
512 27
513 17
514 6
515 24
516 3
517 0
518 28
519 43
520 28
521 35
522 1
523 54
524 2
525 47
526 18
527 15
528 29
529 0
530 48
531 2
532 11
533 1
534 1
535 4
536 4
537 24
538 11
539 26
540 27
541 72
542 66
543 0
544 26
545 4
546 1
547 10
548 38
549 11
550 98
551 3
552 0
553 39
554 24
555 48
556 51
557 3
558 30
559 14
560 22
561 33
562 9
563 17
564 0
565 85
566 4
567 14
568 2
569 2
570 5
571 6
572 39
573 17
574 19
575 19
576 78
577 58
578 0
579 31
580 6
581 5
582 26
583 35
584 8
585 24
586 3
587 0
588 17
589 39
590 32
591 49
592 5
593 41
594 3
595 30
596 28
597 21
598 46
599 0
600 95
601 8
602 19
603 2
604 3
605 8
606 2
607 29
608 26
609 17
610 23
611 79
612 59
613 0
614 25
615 6
616 3
617 9
618 33
619 4
620 63
621 4
622 0
623 46
624 35
625 33
626 41
627 2
628 39
629 13
630 17
631 44
632 11
633 104
634 0
635 118
636 3
637 8
638 3
639 2
640 2
641 21
642 8
643 2
644 63
645 43
646 32
647 51
648 126
649 135
650 0
651 69
652 7
653 4
654 13
655 61
656 27
657 132
658 3
659 0
660 100
661 80
662 73
663 103
664 10
665 75
666 23
667 54
668 46
669 26
670 19
671 0
672 188
673 62
674 24
675 16
676 13
677 12
