0 9
1 8
2 71
3 39
4 33
5 30
6 113
7 97
8 0
9 76
10 9
11 13
12 16
13 48
14 27
15 68
16 2
17 0
18 77
19 97
20 57
21 78
22 22
23 81
24 18
25 54
26 66
27 76
28 88
29 0
30 132
31 65
32 20
33 9
34 30
35 2
36 0
37 30
38 14
39 22
40 36
41 105
42 55
43 0
44 26
45 3
46 3
47 14
48 22
49 7
50 67
51 2
52 0
53 47
54 27
55 37
56 27
57 4
58 33
59 9
60 20
61 29
62 8
63 24
64 0
65 55
66 0
67 10
68 1
69 0
70 8
71 1
72 54
73 32
74 20
75 42
76 125
77 91
78 0
79 51
80 5
81 5
82 18
83 49
84 21
85 94
86 2
87 0
88 73
89 58
90 76
91 69
92 14
93 55
94 19
95 42
96 63
97 36
98 34
99 0
100 154
101 34
102 18
103 4
104 8
105 5
106 0
107 51
108 22
109 40
110 34
111 65
112 38
113 0
114 55
115 7
116 7
117 23
118 24
119 15
120 49
121 3
122 0
123 52
124 44
125 42
126 38
127 0
128 50
129 8
130 50
131 29
132 21
133 43
134 0
135 83
136 5
137 15
138 0
139 2
140 7
141 91
142 7
143 7
144 0
145 0
146 46
147 0
148 6
149 0
150 0
151 35
152 0
153 39
154 0
155 1
156 4
157 10
158 2
159 17
160 1
161 0
162 5
163 43
164 16
165 13
166 0
167 48
168 0
169 28
170 23
171 21
172 2
173 0
174 16
175 4
176 0
177 2
178 4
179 7
180 6
181 2
182 48
183 33
184 29
185 30
186 128
187 92
188 0
189 46
190 5
191 7
192 26
193 45
194 16
195 95
196 2
197 0
198 72
199 57
200 62
201 64
202 12
203 51
204 15
205 44
206 72
207 37
208 31
209 0
210 149
211 36
212 15
213 7
214 11
215 4
216 4
217 46
218 24
219 15
220 26
221 127
222 81
223 0
224 45
225 10
226 12
227 27
228 46
229 12
230 109
231 2
232 0
233 55
234 58
235 61
236 60
237 19
238 49
239 14
240 42
241 50
242 34
243 76
244 0
245 107
246 27
247 8
248 9
249 28
250 2
251 1
252 38
253 14
254 14
255 4
256 55
257 50
258 0
259 37
260 3
261 4
262 40
263 27
264 3
265 15
266 1
267 0
268 27
269 45
270 23
271 50
272 11
273 40
274 3
275 31
276 35
277 4
278 24
279 0
280 76
281 23
282 9
283 2
284 2
285 4
286 1
287 8
288 0
289 3
290 0
291 0
292 10
293 20
294 0
295 0
296 0
297 0
298 0
299 6
300 0
301 12
302 1
303 0
304 3
305 0
306 5
307 9
308 0
309 0
310 0
311 0
312 0
313 5
314 0
315 0
316 19
317 9
318 0
319 2
320 0
321 3
322 15
323 38
324 13
325 10
326 9
327 48
328 28
329 0
330 40
331 3
332 0
333 23
334 22
335 3
336 15
337 2
338 0
339 27
340 40
341 28
342 32
343 3
344 40
345 0
346 34
347 14
348 7
349 29
350 0
351 57
352 8
353 12
354 2
355 9
356 3
357 1
358 40
359 18
360 20
361 50
362 106
363 46
364 0
365 37
366 2
367 1
368 30
369 24
370 4
371 23
372 2
373 0
374 35
375 49
376 30
377 40
378 4
379 43
380 4
381 30
382 30
383 21
384 37
385 0
386 102
387 12
388 14
389 3
390 9
391 4
392 80
393 6
394 37
395 1
396 3
397 26
398 11
399 14
400 25
401 18
402 5
403 0
404 16
405 2
406 3
407 7
408 6
409 2
410 15
411 5
412 0
413 18
414 12
415 18
416 13
417 2
418 22
419 2
420 18
421 3
422 0
423 18
424 0
425 28
426 3
427 11
428 0
429 0
430 1
431 0
432 19
433 4
434 3
435 15
436 17
437 6
438 0
439 19
440 2
441 1
442 6
443 9
444 4
445 6
446 1
447 0
448 10
449 19
450 17
451 16
452 0
453 21
454 1
455 15
456 5
457 8
458 2
459 0
460 21
461 0
462 5
463 5
464 0
465 3
466 0
467 26
468 13
469 15
470 42
471 56
472 4
473 0
474 24
475 3
476 1
477 17
478 11
479 6
480 0
481 3
482 0
483 29
484 19
485 16
486 19
487 0
488 27
489 0
490 25
491 8
492 8
493 48
494 0
495 14
496 5
497 8
498 0
499 2
500 6
501 0
502 52
503 22
504 38
505 36
506 54
507 23
508 0
509 56
510 6
511 4
512 18
513 28
514 21
515 16
516 3
517 0
518 61
519 55
520 45
521 48
522 3
523 54
524 9
525 50
526 25
527 16
528 24
529 0
530 73
531 14
532 14
533 1
534 0
535 4
536 5
537 37
538 15
539 35
540 24
541 104
542 58
543 0
544 36
545 2
546 2
547 18
548 39
549 14
550 83
551 3
552 0
553 59
554 32
555 58
556 46
557 0
558 37
559 16
560 28
561 37
562 3
563 37
564 0
565 74
566 5
567 14
568 2
569 0
570 6
571 4
572 41
573 17
574 32
575 23
576 72
577 48
578 0
579 38
580 3
581 3
582 25
583 35
584 17
585 23
586 2
587 0
588 40
589 47
590 37
591 54
592 0
593 46
594 9
595 30
596 31
597 12
598 29
599 0
600 99
601 14
602 20
603 8
604 2
605 5
606 0
607 41
608 21
609 38
610 41
611 101
612 81
613 0
614 32
615 7
616 3
617 14
618 28
619 8
620 97
621 4
622 0
623 54
624 37
625 57
626 40
627 7
628 41
629 12
630 25
631 44
632 7
633 46
634 0
635 107
636 5
637 13
638 2
639 0
640 11
641 43
642 8
643 2
644 81
645 43
646 24
647 68
648 141
649 136
650 0
651 83
652 11
653 14
654 18
655 60
656 39
657 124
658 4
659 0
660 99
661 106
662 85
663 92
664 31
665 88
666 27
667 65
668 90
669 64
670 73
671 0
672 190
673 57
674 24
675 16
676 32
677 16
