0 6
1 1
2 64
3 29
4 32
5 39
6 105
7 93
8 0
9 56
10 9
11 14
12 23
13 52
14 45
15 74
16 3
17 0
18 80
19 91
20 58
21 86
22 23
23 61
24 30
25 46
26 82
27 152
28 57
29 0
30 129
31 65
32 23
33 5
34 32
35 3
36 2
37 27
38 21
39 36
40 44
41 120
42 54
43 0
44 25
45 3
46 2
47 21
48 27
49 9
50 73
51 3
52 0
53 60
54 30
55 45
56 29
57 4
58 32
59 12
60 29
61 32
62 11
63 26
64 0
65 69
66 3
67 14
68 3
69 4
70 8
71 2
72 65
73 40
74 23
75 44
76 129
77 90
78 0
79 60
80 10
81 4
82 26
83 55
84 24
85 121
86 3
87 0
88 76
89 96
90 85
91 92
92 14
93 65
94 18
95 50
96 77
97 29
98 38
99 0
100 168
101 19
102 20
103 4
104 15
105 4
106 1
107 57
108 17
109 33
110 20
111 40
112 27
113 0
114 58
115 4
116 3
117 19
118 26
119 9
120 45
121 2
122 0
123 49
124 54
125 50
126 53
127 2
128 58
129 8
130 46
131 27
132 19
133 40
134 0
135 71
136 4
137 12
138 2
139 3
140 9
141 63
142 9
143 7
144 1
145 1
146 29
147 2
148 3
149 3
150 13
151 13
152 0
153 26
154 1
155 1
156 3
157 9
158 3
159 11
160 2
161 0
162 5
163 33
164 10
165 13
166 1
167 33
168 3
169 24
170 16
171 14
172 2
173 0
174 17
175 3
176 4
177 1
178 2
179 13
180 9
181 2
182 58
183 35
184 30
185 31
186 118
187 95
188 0
189 51
190 8
191 6
192 29
193 40
194 18
195 85
196 3
197 0
198 73
199 66
200 60
201 68
202 18
203 61
204 23
205 49
206 66
207 32
208 41
209 0
210 138
211 35
212 13
213 9
214 18
215 4
216 1
217 41
218 25
219 28
220 30
221 119
222 79
223 0
224 50
225 7
226 11
227 25
228 35
229 11
230 102
231 2
232 0
233 42
234 50
235 52
236 53
237 14
238 44
239 13
240 37
241 51
242 65
243 46
244 0
245 119
246 17
247 9
248 9
249 18
250 3
251 3
252 31
253 15
254 22
255 15
256 69
257 67
258 0
259 32
260 3
261 4
262 46
263 27
264 4
265 18
266 1
267 0
268 30
269 34
270 26
271 35
272 6
273 34
274 4
275 23
276 35
277 19
278 15
279 0
280 71
281 10
282 10
283 1
284 4
285 6
286 1
287 2
288 1
289 2
290 2
291 2
292 4
293 2
294 0
295 1
296 2
297 1
298 2
299 1
300 1
301 2
302 1
303 0
304 3
305 2
306 2
307 2
308 2
309 2
310 1
311 2
312 2
313 1
314 2
315 0
316 3
317 1
318 1
319 2
320 2
321 3
322 2
323 42
324 18
325 19
326 16
327 57
328 25
329 0
330 39
331 4
332 2
333 20
334 21
335 7
336 15
337 2
338 0
339 34
340 42
341 39
342 39
343 2
344 47
345 3
346 42
347 25
348 15
349 39
350 0
351 73
352 6
353 11
354 2
355 2
356 3
357 2
358 34
359 19
360 23
361 49
362 69
363 41
364 0
365 36
366 4
367 6
368 27
369 25
370 7
371 17
372 1
373 0
374 40
375 40
376 25
377 39
378 4
379 36
380 8
381 32
382 33
383 23
384 20
385 0
386 114
387 10
388 15
389 4
390 7
391 2
392 65
393 6
394 10
395 2
396 1
397 22
398 3
399 5
400 16
401 16
402 5
403 0
404 16
405 2
406 2
407 10
408 12
409 4
410 6
411 2
412 0
413 10
414 17
415 14
416 21
417 1
418 24
419 2
420 14
421 8
422 6
423 7
424 0
425 25
426 3
427 7
428 1
429 1
430 2
431 1
432 23
433 6
434 5
435 14
436 18
437 4
438 0
439 23
440 2
441 2
442 8
443 13
444 5
445 9
446 1
447 0
448 12
449 22
450 13
451 20
452 1
453 24
454 2
455 19
456 10
457 6
458 5
459 0
460 23
461 3
462 6
463 1
464 1
465 4
466 1
467 24
468 13
469 18
470 47
471 23
472 11
473 0
474 26
475 2
476 1
477 17
478 14
479 6
480 14
481 2
482 0
483 20
484 22
485 20
486 24
487 1
488 27
489 2
490 22
491 17
492 11
493 44
494 0
495 32
496 3
497 10
498 1
499 1
500 4
501 11
502 56
503 16
504 37
505 32
506 66
507 29
508 0
509 61
510 6
511 1
512 22
513 27
514 11
515 25
516 4
517 0
518 43
519 57
520 57
521 42
522 1
523 61
524 7
525 49
526 31
527 13
528 29
529 0
530 58
531 8
532 15
533 2
534 2
535 4
536 14
537 33
538 15
539 28
540 26
541 104
542 65
543 0
544 36
545 4
546 3
547 18
548 38
549 9
550 85
551 3
552 0
553 46
554 39
555 50
556 36
557 3
558 43
559 12
560 33
561 30
562 15
563 28
564 0
565 100
566 3
567 11
568 3
569 3
570 6
571 2
572 45
573 18
574 26
575 23
576 84
577 56
578 0
579 38
580 4
581 3
582 24
583 29
584 8
585 22
586 2
587 0
588 25
589 42
590 39
591 46
592 6
593 47
594 6
595 30
596 29
597 19
598 29
599 0
600 92
601 7
602 19
603 2
604 2
605 6
606 2
607 45
608 28
609 30
610 42
611 107
612 80
613 0
614 43
615 4
616 3
617 12
618 42
619 9
620 95
621 6
622 0
623 60
624 49
625 66
626 48
627 2
628 51
629 8
630 36
631 42
632 12
633 35
634 0
635 114
636 7
637 15
638 4
639 3
640 2
641 27
642 8
643 3
644 69
645 44
646 38
647 56
648 141
649 127
650 0
651 77
652 15
653 16
654 16
655 64
656 35
657 135
658 4
659 0
660 107
661 98
662 76
663 99
664 23
665 84
666 22
667 66
668 88
669 51
670 42
671 0
672 196
673 65
674 30
675 16
676 13
677 32
