0 6
1 1
2 48
3 26
4 28
5 36
6 129
7 111
8 0
9 59
10 7
11 13
12 15
13 46
14 42
15 67
16 2
17 0
18 76
19 85
20 65
21 76
22 22
23 62
24 29
25 39
26 82
27 151
28 80
29 0
30 123
31 66
32 23
33 5
34 28
35 3
36 2
37 29
38 20
39 39
40 47
41 108
42 53
43 0
44 26
45 3
46 3
47 22
48 24
49 8
50 65
51 2
52 0
53 59
54 26
55 46
56 34
57 3
58 29
59 12
60 27
61 28
62 11
63 18
64 0
65 77
66 2
67 12
68 3
69 3
70 8
71 2
72 60
73 39
74 25
75 42
76 123
77 101
78 0
79 60
80 7
81 4
82 23
83 55
84 18
85 114
86 3
87 0
88 75
89 89
90 83
91 84
92 18
93 67
94 18
95 55
96 81
97 27
98 53
99 0
100 168
101 19
102 18
103 5
104 14
105 4
106 1
107 57
108 17
109 31
110 20
111 37
112 28
113 0
114 60
115 5
116 2
117 24
118 25
119 9
120 38
121 3
122 0
123 53
124 51
125 47
126 51
127 1
128 56
129 7
130 56
131 26
132 19
133 31
134 0
135 73
136 4
137 12
138 3
139 2
140 9
141 129
142 8
143 12
144 1
145 2
146 33
147 1
148 2
149 3
150 14
151 15
152 0
153 30
154 2
155 1
156 1
157 9
158 3
159 12
160 1
161 0
162 6
163 35
164 10
165 13
166 1
167 33
168 3
169 25
170 17
171 12
172 1
173 0
174 18
175 4
176 4
177 1
178 1
179 8
180 8
181 2
182 55
183 34
184 32
185 34
186 122
187 98
188 0
189 52
190 10
191 6
192 23
193 41
194 16
195 86
196 3
197 0
198 68
199 67
200 60
201 65
202 17
203 53
204 21
205 44
206 68
207 27
208 29
209 0
210 141
211 38
212 13
213 8
214 20
215 3
216 1
217 42
218 23
219 28
220 35
221 117
222 81
223 0
224 41
225 11
226 14
227 25
228 36
229 10
230 100
231 2
232 0
233 40
234 53
235 51
236 53
237 20
238 45
239 11
240 48
241 55
242 51
243 64
244 0
245 111
246 18
247 7
248 5
249 32
250 3
251 2
252 34
253 17
254 25
255 17
256 68
257 61
258 0
259 33
260 3
261 3
262 42
263 21
264 5
265 21
266 1
267 0
268 30
269 35
270 25
271 33
272 5
273 31
274 5
275 22
276 37
277 18
278 10
279 0
280 68
281 11
282 10
283 2
284 4
285 6
286 1
287 2
288 2
289 2
290 1
291 1
292 5
293 2
294 0
295 2
296 2
297 2
298 2
299 1
300 1
301 2
302 1
303 0
304 2
305 2
306 1
307 2
308 2
309 2
310 2
311 1
312 2
313 1
314 3
315 0
316 4
317 1
318 1
319 2
320 2
321 3
322 2
323 44
324 15
325 23
326 18
327 61
328 26
329 0
330 40
331 3
332 1
333 21
334 22
335 7
336 14
337 2
338 0
339 33
340 41
341 35
342 39
343 2
344 43
345 3
346 36
347 24
348 15
349 26
350 0
351 67
352 6
353 12
354 1
355 2
356 2
357 3
358 35
359 15
360 25
361 43
362 77
363 34
364 0
365 37
366 4
367 5
368 31
369 28
370 7
371 18
372 1
373 0
374 37
375 38
376 25
377 40
378 3
379 38
380 6
381 31
382 30
383 21
384 43
385 0
386 96
387 8
388 17
389 3
390 5
391 2
392 70
393 5
394 20
395 2
396 1
397 23
398 6
399 5
400 13
401 15
402 6
403 0
404 15
405 2
406 1
407 8
408 11
409 4
410 6
411 1
412 0
413 10
414 19
415 13
416 22
417 1
418 24
419 2
420 13
421 8
422 7
423 5
424 0
425 27
426 3
427 7
428 1
429 1
430 1
431 1
432 23
433 7
434 6
435 14
436 17
437 5
438 0
439 22
440 2
441 2
442 8
443 11
444 5
445 7
446 1
447 0
448 11
449 22
450 12
451 21
452 1
453 24
454 2
455 22
456 9
457 6
458 8
459 0
460 24
461 3
462 6
463 2
464 1
465 4
466 1
467 26
468 14
469 17
470 47
471 23
472 10
473 0
474 25
475 2
476 1
477 17
478 14
479 6
480 15
481 3
482 0
483 20
484 23
485 22
486 22
487 1
488 26
489 2
490 22
491 16
492 11
493 31
494 0
495 34
496 3
497 11
498 1
499 1
500 5
501 4
502 58
503 15
504 36
505 35
506 68
507 29
508 0
509 57
510 6
511 1
512 22
513 24
514 9
515 36
516 3
517 0
518 42
519 50
520 56
521 44
522 1
523 55
524 6
525 51
526 34
527 12
528 40
529 0
530 58
531 6
532 15
533 2
534 2
535 4
536 6
537 31
538 13
539 26
540 28
541 80
542 63
543 0
544 35
545 4
546 3
547 16
548 32
549 8
550 83
551 3
552 0
553 43
554 32
555 54
556 28
557 2
558 32
559 12
560 30
561 28
562 14
563 26
564 0
565 92
566 3
567 11
568 2
569 3
570 6
571 2
572 42
573 17
574 23
575 20
576 84
577 57
578 0
579 39
580 4
581 3
582 25
583 33
584 7
585 21
586 2
587 0
588 27
589 44
590 36
591 47
592 5
593 43
594 6
595 32
596 30
597 18
598 36
599 0
600 95
601 7
602 19
603 2
604 2
605 5
606 2
607 43
608 27
609 30
610 40
611 100
612 87
613 0
614 41
615 4
616 4
617 13
618 39
619 10
620 82
621 6
622 0
623 58
624 42
625 67
626 48
627 3
628 42
629 7
630 34
631 41
632 12
633 33
634 0
635 120
636 6
637 12
638 4
639 2
640 2
641 10
642 7
643 4
644 72
645 44
646 36
647 50
648 137
649 134
650 0
651 72
652 7
653 10
654 17
655 63
656 26
657 134
658 4
659 0
660 105
661 94
662 74
663 99
664 23
665 77
666 25
667 64
668 84
669 62
670 40
671 0
672 200
673 60
674 30
675 13
676 12
677 26
