0 4
1 7
2 52
3 33
4 24
5 34
6 100
7 77
8 0
9 53
10 5
11 5
12 14
13 50
14 37
15 66
16 2
17 0
18 78
19 91
20 54
21 58
22 19
23 61
24 25
25 43
26 47
27 127
28 18
29 0
30 106
31 64
32 16
33 5
34 26
35 5
36 2
37 28
38 18
39 32
40 31
41 96
42 50
43 0
44 26
45 4
46 5
47 12
48 19
49 12
50 68
51 2
52 0
53 57
54 29
55 36
56 28
57 4
58 28
59 10
60 29
61 29
62 11
63 38
64 0
65 68
66 2
67 12
68 4
69 3
70 7
71 3
72 61
73 41
74 24
75 35
76 140
77 83
78 0
79 61
80 5
81 5
82 10
83 60
84 24
85 127
86 2
87 0
88 90
89 88
90 67
91 91
92 6
93 59
94 21
95 57
96 73
97 27
98 24
99 0
100 152
101 21
102 16
103 6
104 11
105 3
106 1
107 46
108 11
109 7
110 29
111 36
112 7
113 0
114 43
115 4
116 5
117 21
118 18
119 5
120 17
121 3
122 0
123 35
124 38
125 31
126 34
127 2
128 45
129 1
130 43
131 16
132 15
133 23
134 0
135 48
136 2
137 11
138 1
139 1
140 20
141 187
142 3
143 4
144 2
145 2
146 48
147 3
148 4
149 4
150 17
151 15
152 0
153 39
154 4
155 4
156 1
157 10
158 8
159 16
160 1
161 0
162 8
163 49
164 10
165 15
166 3
167 49
168 3
169 26
170 14
171 20
172 4
173 0
174 33
175 5
176 6
177 1
178 3
179 9
180 8
181 1
182 55
183 39
184 37
185 39
186 99
187 98
188 0
189 56
190 9
191 5
192 22
193 56
194 19
195 94
196 3
197 0
198 69
199 67
200 79
201 74
202 11
203 63
204 23
205 50
206 77
207 28
208 48
209 0
210 136
211 29
212 10
213 13
214 18
215 4
216 1
217 42
218 22
219 26
220 28
221 105
222 95
223 0
224 46
225 5
226 4
227 22
228 38
229 10
230 101
231 2
232 0
233 34
234 53
235 50
236 68
237 5
238 49
239 12
240 40
241 50
242 20
243 91
244 0
245 156
246 15
247 7
248 4
249 6
250 4
251 1
252 27
253 16
254 25
255 22
256 57
257 96
258 0
259 15
260 4
261 1
262 35
263 14
264 3
265 30
266 1
267 0
268 38
269 27
270 25
271 27
272 5
273 23
274 6
275 17
276 54
277 19
278 19
279 0
280 79
281 15
282 7
283 1
284 6
285 5
286 1
287 1
288 7
289 13
290 3
291 6
292 10
293 17
294 0
295 3
296 1
297 2
298 2
299 16
300 10
301 4
302 2
303 0
304 15
305 3
306 8
307 19
308 3
309 2
310 2
311 5
312 20
313 4
314 8
315 0
316 33
317 5
318 5
319 3
320 3
321 3
322 37
323 10
324 7
325 6
326 16
327 21
328 19
329 0
330 17
331 4
332 1
333 18
334 11
335 3
336 10
337 2
338 0
339 27
340 23
341 10
342 16
343 2
344 15
345 1
346 7
347 13
348 7
349 3
350 0
351 29
352 4
353 12
354 2
355 1
356 2
357 1
358 11
359 10
360 10
361 20
362 49
363 35
364 0
365 13
366 1
367 8
368 14
369 14
370 3
371 9
372 2
373 0
374 15
375 16
376 17
377 11
378 2
379 11
380 2
381 8
382 13
383 6
384 4
385 0
386 38
387 7
388 10
389 2
390 9
391 10
392 50
393 5
394 24
395 3
396 1
397 8
398 4
399 2
400 14
401 17
402 3
403 0
404 12
405 1
406 1
407 4
408 2
409 3
410 5
411 2
412 0
413 6
414 9
415 7
416 10
417 1
418 9
419 2
420 9
421 3
422 4
423 4
424 0
425 10
426 1
427 5
428 1
429 1
430 1
431 1
432 26
433 5
434 1
435 15
436 14
437 4
438 0
439 24
440 2
441 1
442 7
443 7
444 3
445 8
446 1
447 0
448 8
449 24
450 9
451 16
452 1
453 26
454 2
455 19
456 8
457 4
458 4
459 0
460 18
461 2
462 5
463 3
464 1
465 4
466 2
467 24
468 14
469 32
470 38
471 43
472 6
473 0
474 31
475 1
476 1
477 20
478 13
479 7
480 18
481 2
482 0
483 31
484 22
485 24
486 25
487 2
488 28
489 3
490 29
491 9
492 14
493 16
494 0
495 36
496 4
497 11
498 1
499 1
500 4
501 1
502 35
503 14
504 28
505 31
506 49
507 10
508 0
509 38
510 3
511 1
512 24
513 13
514 7
515 24
516 3
517 0
518 25
519 38
520 29
521 33
522 1
523 47
524 3
525 42
526 16
527 14
528 29
529 0
530 51
531 2
532 10
533 1
534 1
535 3
536 5
537 28
538 8
539 20
540 24
541 45
542 74
543 0
544 26
545 5
546 2
547 14
548 33
549 10
550 83
551 3
552 0
553 51
554 22
555 40
556 43
557 3
558 27
559 9
560 21
561 37
562 11
563 14
564 0
565 95
566 4
567 9
568 3
569 3
570 6
571 4
572 37
573 17
574 22
575 17
576 74
577 58
578 0
579 35
580 7
581 5
582 27
583 31
584 8
585 21
586 2
587 0
588 20
589 35
590 33
591 46
592 9
593 34
594 4
595 29
596 28
597 19
598 49
599 0
600 99
601 8
602 17
603 2
604 4
605 6
606 2
607 32
608 26
609 15
610 26
611 78
612 65
613 0
614 35
615 6
616 2
617 7
618 33
619 6
620 86
621 2
622 0
623 60
624 41
625 44
626 56
627 2
628 33
629 14
630 23
631 47
632 9
633 115
634 0
635 118
636 4
637 6
638 3
639 2
640 2
641 60
642 7
643 2
644 65
645 43
646 29
647 42
648 124
649 131
650 0
651 63
652 5
653 7
654 14
655 61
656 38
657 141
658 4
659 0
660 94
661 99
662 71
663 99
664 9
665 73
666 27
667 54
668 87
669 36
670 17
671 0
672 190
673 58
674 22
675 16
676 8
677 15
