0 8
1 1
2 48
3 25
4 32
5 35
6 93
7 103
8 0
9 64
10 21
11 16
12 18
13 49
14 38
15 56
16 3
17 0
18 78
19 96
20 62
21 88
22 21
23 79
24 22
25 46
26 62
27 174
28 17
29 0
30 140
31 64
32 26
33 8
34 38
35 4
36 1
37 34
38 20
39 22
40 34
41 112
42 59
43 0
44 34
45 2
46 2
47 15
48 30
49 8
50 82
51 2
52 0
53 57
54 34
55 46
56 39
57 3
58 37
59 11
60 32
61 25
62 13
63 27
64 0
65 76
66 3
67 13
68 3
69 2
70 8
71 1
72 55
73 39
74 24
75 45
76 123
77 107
78 0
79 61
80 4
81 4
82 22
83 62
84 22
85 95
86 3
87 0
88 81
89 76
90 73
91 80
92 15
93 64
94 18
95 48
96 79
97 27
98 46
99 0
100 176
101 25
102 24
103 6
104 12
105 5
106 2
107 62
108 19
109 21
110 33
111 65
112 27
113 0
114 66
115 4
116 2
117 24
118 26
119 9
120 52
121 3
122 0
123 52
124 57
125 51
126 46
127 2
128 62
129 7
130 63
131 29
132 18
133 29
134 0
135 81
136 5
137 13
138 2
139 2
140 5
141 39
142 5
143 10
144 2
145 2
146 50
147 1
148 2
149 7
150 17
151 18
152 0
153 32
154 3
155 2
156 4
157 8
158 3
159 13
160 1
161 0
162 6
163 42
164 9
165 11
166 1
167 35
168 3
169 23
170 14
171 18
172 2
173 0
174 15
175 4
176 4
177 3
178 1
179 6
180 8
181 1
182 57
183 34
184 27
185 27
186 129
187 104
188 0
189 52
190 5
191 5
192 27
193 42
194 15
195 91
196 2
197 0
198 65
199 65
200 51
201 66
202 22
203 58
204 17
205 47
206 75
207 30
208 37
209 0
210 147
211 38
212 14
213 11
214 17
215 3
216 1
217 40
218 24
219 25
220 30
221 135
222 89
223 0
224 43
225 8
226 14
227 27
228 33
229 9
230 105
231 2
232 0
233 41
234 51
235 55
236 49
237 13
238 44
239 12
240 36
241 53
242 21
243 60
244 0
245 120
246 17
247 8
248 10
249 9
250 3
251 2
252 32
253 18
254 23
255 15
256 63
257 47
258 0
259 26
260 2
261 3
262 46
263 25
264 5
265 16
266 1
267 0
268 28
269 30
270 23
271 37
272 6
273 35
274 4
275 23
276 31
277 21
278 13
279 0
280 63
281 13
282 10
283 2
284 5
285 7
286 1
287 1
288 2
289 3
290 2
291 1
292 5
293 3
294 0
295 1
296 1
297 2
298 2
299 2
300 2
301 2
302 1
303 0
304 3
305 2
306 2
307 1
308 2
309 2
310 2
311 1
312 1
313 1
314 4
315 0
316 3
317 2
318 2
319 2
320 2
321 3
322 2
323 41
324 15
325 17
326 21
327 54
328 28
329 0
330 42
331 3
332 3
333 24
334 21
335 7
336 22
337 2
338 0
339 34
340 41
341 32
342 37
343 2
344 42
345 3
346 40
347 26
348 13
349 28
350 0
351 71
352 5
353 15
354 2
355 2
356 3
357 3
358 36
359 18
360 21
361 46
362 87
363 43
364 0
365 38
366 3
367 5
368 27
369 27
370 7
371 19
372 1
373 0
374 41
375 43
376 30
377 43
378 3
379 40
380 5
381 29
382 24
383 23
384 61
385 0
386 101
387 9
388 15
389 3
390 6
391 2
392 76
393 3
394 40
395 2
396 1
397 23
398 4
399 2
400 13
401 14
402 5
403 0
404 21
405 2
406 2
407 9
408 9
409 4
410 9
411 2
412 0
413 11
414 24
415 10
416 19
417 1
418 23
419 1
420 19
421 11
422 6
423 7
424 0
425 18
426 3
427 5
428 1
429 1
430 1
431 1
432 23
433 6
434 7
435 11
436 18
437 4
438 0
439 20
440 2
441 2
442 6
443 9
444 5
445 8
446 1
447 0
448 10
449 18
450 13
451 18
452 1
453 24
454 1
455 18
456 7
457 5
458 45
459 0
460 21
461 2
462 5
463 2
464 1
465 3
466 1
467 25
468 13
469 17
470 37
471 30
472 11
473 0
474 24
475 2
476 1
477 9
478 12
479 7
480 16
481 2
482 0
483 24
484 20
485 22
486 25
487 1
488 25
489 2
490 23
491 13
492 8
493 20
494 0
495 36
496 3
497 11
498 1
499 1
500 3
501 6
502 70
503 21
504 30
505 39
506 62
507 27
508 0
509 67
510 6
511 2
512 23
513 30
514 10
515 30
516 3
517 0
518 55
519 58
520 54
521 45
522 4
523 62
524 7
525 59
526 27
527 20
528 39
529 0
530 96
531 4
532 16
533 2
534 2
535 3
536 7
537 42
538 18
539 29
540 23
541 110
542 74
543 0
544 43
545 4
546 2
547 18
548 37
549 9
550 81
551 3
552 0
553 57
554 38
555 66
556 45
557 2
558 41
559 14
560 31
561 35
562 15
563 35
564 0
565 90
566 4
567 15
568 2
569 3
570 4
571 2
572 41
573 18
574 23
575 20
576 84
577 61
578 0
579 37
580 4
581 4
582 30
583 32
584 6
585 21
586 2
587 0
588 32
589 41
590 39
591 46
592 4
593 45
594 5
595 32
596 30
597 19
598 29
599 0
600 91
601 8
602 12
603 2
604 2
605 6
606 2
607 44
608 27
609 26
610 42
611 93
612 85
613 0
614 47
615 4
616 4
617 12
618 39
619 11
620 103
621 4
622 0
623 57
624 45
625 64
626 59
627 3
628 46
629 9
630 37
631 44
632 16
633 35
634 0
635 107
636 7
637 10
638 3
639 4
640 3
641 13
642 7
643 4
644 69
645 42
646 40
647 45
648 138
649 134
650 0
651 69
652 9
653 17
654 15
655 64
656 42
657 130
658 3
659 0
660 105
661 98
662 76
663 96
664 29
665 78
666 21
667 59
668 89
669 61
670 44
671 0
672 204
673 72
674 28
675 17
676 15
677 18
