0 8
1 4
2 59
3 29
4 31
5 28
6 110
7 82
8 0
9 76
10 4
11 5
12 17
13 46
14 38
15 74
16 2
17 0
18 72
19 112
20 58
21 50
22 22
23 78
24 22
25 48
26 67
27 97
28 37
29 0
30 130
31 58
32 33
33 5
34 28
35 4
36 1
37 30
38 20
39 42
40 30
41 106
42 47
43 0
44 31
45 4
46 5
47 11
48 21
49 10
50 60
51 2
52 0
53 59
54 29
55 43
56 31
57 3
58 31
59 9
60 23
61 29
62 13
63 24
64 0
65 77
66 3
67 11
68 2
69 3
70 8
71 2
72 61
73 39
74 25
75 51
76 133
77 94
78 0
79 59
80 5
81 3
82 11
83 40
84 13
85 89
86 2
87 0
88 80
89 66
90 46
91 74
92 5
93 57
94 17
95 37
96 57
97 20
98 34
99 0
100 135
101 39
102 13
103 5
104 4
105 1
106 1
107 44
108 5
109 8
110 23
111 29
112 8
113 0
114 42
115 3
116 2
117 20
118 15
119 6
120 20
121 2
122 0
123 11
124 38
125 18
126 18
127 1
128 45
129 1
130 40
131 11
132 12
133 6
134 0
135 25
136 3
137 7
138 1
139 1
140 15
141 178
142 4
143 4
144 1
145 2
146 44
147 2
148 4
149 4
150 20
151 26
152 0
153 38
154 3
155 3
156 1
157 10
158 8
159 13
160 1
161 0
162 8
163 49
164 13
165 13
166 3
167 46
168 4
169 32
170 18
171 21
172 3
173 0
174 26
175 7
176 5
177 2
178 1
179 3
180 7
181 1
182 51
183 39
184 35
185 34
186 105
187 107
188 0
189 57
190 4
191 4
192 23
193 44
194 12
195 89
196 2
197 0
198 69
199 66
200 60
201 76
202 7
203 59
204 20
205 46
206 61
207 21
208 43
209 0
210 164
211 41
212 13
213 7
214 4
215 4
216 1
217 38
218 24
219 22
220 38
221 102
222 84
223 0
224 41
225 3
226 3
227 24
228 33
229 6
230 95
231 2
232 0
233 31
234 64
235 53
236 65
237 4
238 47
239 12
240 33
241 51
242 20
243 89
244 0
245 107
246 28
247 7
248 5
249 3
250 3
251 2
252 27
253 14
254 28
255 17
256 66
257 83
258 0
259 23
260 6
261 2
262 62
263 20
264 4
265 30
266 2
267 0
268 35
269 27
270 27
271 34
272 7
273 24
274 5
275 21
276 59
277 25
278 18
279 0
280 74
281 12
282 7
283 2
284 8
285 4
286 2
287 1
288 5
289 12
290 4
291 2
292 8
293 12
294 0
295 6
296 3
297 2
298 3
299 9
300 5
301 4
302 2
303 0
304 14
305 5
306 5
307 6
308 2
309 3
310 3
311 3
312 7
313 3
314 5
315 0
316 13
317 12
318 8
319 2
320 3
321 3
322 14
323 23
324 7
325 6
326 15
327 26
328 21
329 0
330 18
331 3
332 1
333 13
334 10
335 4
336 8
337 2
338 0
339 26
340 27
341 13
342 14
343 2
344 22
345 2
346 14
347 10
348 6
349 3
350 0
351 33
352 5
353 12
354 2
355 2
356 2
357 2
358 22
359 11
360 9
361 27
362 51
363 17
364 0
365 19
366 2
367 5
368 17
369 9
370 3
371 8
372 2
373 0
374 4
375 23
376 14
377 15
378 2
379 20
380 3
381 11
382 29
383 10
384 5
385 0
386 50
387 5
388 13
389 2
390 10
391 4
392 45
393 5
394 27
395 2
396 1
397 32
398 4
399 11
400 30
401 12
402 5
403 0
404 28
405 2
406 1
407 10
408 8
409 4
410 14
411 2
412 0
413 7
414 22
415 11
416 11
417 1
418 26
419 2
420 23
421 5
422 9
423 5
424 0
425 16
426 2
427 7
428 1
429 1
430 1
431 1
432 25
433 5
434 2
435 13
436 17
437 4
438 0
439 23
440 2
441 1
442 8
443 6
444 4
445 9
446 1
447 0
448 14
449 22
450 11
451 17
452 1
453 26
454 2
455 17
456 7
457 4
458 6
459 0
460 19
461 2
462 5
463 2
464 1
465 4
466 1
467 25
468 14
469 29
470 52
471 38
472 8
473 0
474 33
475 2
476 1
477 20
478 15
479 7
480 20
481 3
482 0
483 30
484 23
485 20
486 25
487 1
488 26
489 2
490 23
491 9
492 15
493 16
494 0
495 35
496 4
497 12
498 1
499 1
500 3
501 2
502 39
503 2
504 22
505 29
506 34
507 8
508 0
509 37
510 3
511 1
512 24
513 13
514 6
515 24
516 3
517 0
518 14
519 39
520 19
521 12
522 1
523 38
524 2
525 42
526 13
527 13
528 7
529 0
530 19
531 3
532 5
533 1
534 1
535 3
536 5
537 24
538 10
539 33
540 25
541 89
542 71
543 0
544 28
545 5
546 2
547 14
548 38
549 11
550 100
551 3
552 0
553 44
554 25
555 60
556 45
557 3
558 27
559 17
560 22
561 35
562 9
563 19
564 0
565 87
566 3
567 12
568 3
569 2
570 5
571 5
572 38
573 17
574 27
575 22
576 73
577 62
578 0
579 36
580 6
581 4
582 26
583 32
584 7
585 22
586 3
587 0
588 25
589 34
590 37
591 46
592 6
593 39
594 4
595 31
596 33
597 20
598 42
599 0
600 100
601 8
602 18
603 2
604 3
605 5
606 2
607 32
608 24
609 18
610 26
611 69
612 48
613 0
614 35
615 6
616 2
617 11
618 31
619 7
620 81
621 4
622 0
623 43
624 39
625 45
626 39
627 1
628 37
629 12
630 22
631 45
632 13
633 135
634 0
635 112
636 3
637 9
638 3
639 1
640 2
641 20
642 5
643 1
644 62
645 44
646 35
647 54
648 133
649 127
650 0
651 67
652 7
653 10
654 14
655 62
656 16
657 134
658 4
659 0
660 94
661 85
662 79
663 99
664 6
665 68
666 24
667 51
668 58
669 29
670 26
671 0
672 192
673 56
674 25
675 8
676 4
677 12
