0 6
1 1
2 59
3 32
4 38
5 38
6 96
7 108
8 0
9 63
10 8
11 17
12 16
13 45
14 42
15 62
16 2
17 0
18 83
19 78
20 67
21 68
22 21
23 64
24 26
25 49
26 55
27 153
28 72
29 0
30 119
31 67
32 25
33 5
34 33
35 4
36 2
37 23
38 22
39 26
40 49
41 115
42 57
43 0
44 25
45 3
46 3
47 13
48 26
49 8
50 70
51 2
52 0
53 57
54 29
55 43
56 29
57 3
58 28
59 11
60 32
61 26
62 12
63 18
64 0
65 75
66 2
67 13
68 2
69 4
70 10
71 2
72 56
73 40
74 25
75 47
76 117
77 98
78 0
79 59
80 6
81 4
82 22
83 54
84 19
85 116
86 3
87 0
88 81
89 87
90 77
91 87
92 11
93 64
94 19
95 51
96 82
97 26
98 54
99 0
100 166
101 21
102 17
103 5
104 12
105 4
106 1
107 57
108 17
109 35
110 21
111 36
112 30
113 0
114 55
115 4
116 3
117 23
118 24
119 9
120 45
121 2
122 0
123 48
124 57
125 45
126 50
127 1
128 58
129 6
130 52
131 32
132 19
133 33
134 0
135 74
136 5
137 12
138 2
139 2
140 8
141 121
142 4
143 6
144 2
145 1
146 33
147 2
148 2
149 4
150 15
151 13
152 0
153 28
154 2
155 1
156 1
157 9
158 2
159 10
160 1
161 0
162 7
163 34
164 11
165 12
166 1
167 31
168 3
169 24
170 17
171 15
172 1
173 0
174 18
175 4
176 4
177 1
178 1
179 8
180 8
181 2
182 52
183 34
184 33
185 33
186 120
187 98
188 0
189 52
190 7
191 4
192 26
193 41
194 15
195 82
196 3
197 0
198 74
199 65
200 59
201 69
202 10
203 56
204 16
205 44
206 67
207 33
208 30
209 0
210 144
211 32
212 13
213 8
214 18
215 4
216 2
217 43
218 24
219 27
220 33
221 118
222 77
223 0
224 36
225 10
226 12
227 24
228 34
229 9
230 99
231 2
232 0
233 40
234 53
235 58
236 52
237 22
238 46
239 13
240 42
241 54
242 40
243 109
244 0
245 115
246 19
247 8
248 5
249 39
250 2
251 2
252 32
253 19
254 27
255 15
256 64
257 59
258 0
259 34
260 2
261 3
262 47
263 23
264 6
265 18
266 1
267 0
268 32
269 37
270 25
271 32
272 5
273 31
274 4
275 25
276 33
277 20
278 11
279 0
280 70
281 11
282 9
283 2
284 4
285 6
286 1
287 2
288 2
289 2
290 2
291 1
292 5
293 2
294 0
295 1
296 1
297 1
298 1
299 1
300 1
301 2
302 1
303 0
304 3
305 2
306 1
307 1
308 3
309 2
310 1
311 2
312 2
313 1
314 3
315 0
316 4
317 2
318 1
319 2
320 2
321 3
322 2
323 44
324 16
325 15
326 17
327 62
328 28
329 0
330 44
331 3
332 2
333 21
334 21
335 8
336 20
337 2
338 0
339 31
340 41
341 33
342 38
343 3
344 38
345 3
346 38
347 28
348 14
349 31
350 0
351 62
352 6
353 11
354 1
355 2
356 2
357 3
358 36
359 16
360 24
361 42
362 97
363 39
364 0
365 33
366 3
367 5
368 26
369 26
370 8
371 13
372 1
373 0
374 41
375 37
376 24
377 41
378 4
379 38
380 8
381 31
382 32
383 14
384 27
385 0
386 94
387 9
388 16
389 3
390 5
391 2
392 71
393 5
394 18
395 1
396 1
397 23
398 6
399 4
400 14
401 14
402 6
403 0
404 17
405 2
406 1
407 10
408 11
409 4
410 6
411 1
412 0
413 9
414 19
415 14
416 19
417 1
418 22
419 1
420 12
421 7
422 7
423 6
424 0
425 23
426 3
427 6
428 1
429 1
430 2
431 1
432 25
433 7
434 5
435 14
436 19
437 5
438 0
439 21
440 2
441 1
442 10
443 11
444 6
445 8
446 1
447 0
448 11
449 21
450 10
451 22
452 1
453 23
454 1
455 21
456 8
457 6
458 9
459 0
460 21
461 3
462 6
463 1
464 1
465 3
466 2
467 25
468 15
469 19
470 44
471 34
472 10
473 0
474 25
475 2
476 2
477 15
478 12
479 6
480 13
481 2
482 0
483 20
484 25
485 21
486 25
487 1
488 25
489 2
490 22
491 12
492 10
493 24
494 0
495 37
496 4
497 11
498 1
499 1
500 4
501 3
502 59
503 16
504 38
505 35
506 34
507 30
508 0
509 61
510 6
511 2
512 22
513 22
514 10
515 41
516 4
517 0
518 45
519 60
520 54
521 42
522 2
523 54
524 7
525 56
526 28
527 13
528 58
529 0
530 54
531 5
532 15
533 2
534 2
535 4
536 7
537 34
538 13
539 29
540 30
541 69
542 62
543 0
544 35
545 4
546 3
547 18
548 38
549 8
550 80
551 3
552 0
553 48
554 34
555 60
556 35
557 2
558 37
559 10
560 30
561 32
562 15
563 30
564 0
565 85
566 3
567 12
568 2
569 3
570 5
571 2
572 45
573 17
574 25
575 20
576 85
577 53
578 0
579 41
580 4
581 3
582 20
583 34
584 7
585 22
586 2
587 0
588 31
589 41
590 35
591 50
592 4
593 44
594 6
595 31
596 34
597 18
598 42
599 0
600 89
601 7
602 20
603 2
604 2
605 5
606 2
607 42
608 28
609 26
610 43
611 111
612 88
613 0
614 42
615 3
616 3
617 15
618 37
619 10
620 80
621 5
622 0
623 60
624 44
625 72
626 45
627 6
628 48
629 11
630 38
631 43
632 13
633 42
634 0
635 107
636 7
637 14
638 4
639 2
640 2
641 11
642 9
643 3
644 73
645 46
646 40
647 49
648 140
649 130
650 0
651 74
652 8
653 18
654 16
655 64
656 37
657 140
658 4
659 0
660 103
661 103
662 78
663 97
664 12
665 88
666 21
667 63
668 82
669 49
670 43
671 0
672 200
673 66
674 34
675 13
676 9
677 27
