0 8
1 1
2 61
3 30
4 40
5 41
6 111
7 109
8 0
9 63
10 12
11 14
12 18
13 52
14 40
15 72
16 3
17 0
18 89
19 97
20 62
21 81
22 21
23 74
24 24
25 53
26 54
27 154
28 50
29 0
30 146
31 68
32 25
33 6
34 40
35 3
36 1
37 35
38 19
39 25
40 46
41 122
42 57
43 0
44 37
45 3
46 3
47 16
48 27
49 8
50 76
51 2
52 0
53 58
54 28
55 47
56 36
57 3
58 42
59 12
60 32
61 28
62 15
63 16
64 0
65 73
66 2
67 14
68 3
69 2
70 10
71 2
72 55
73 35
74 28
75 43
76 132
77 89
78 0
79 58
80 7
81 4
82 21
83 54
84 22
85 113
86 3
87 0
88 85
89 76
90 77
91 85
92 12
93 67
94 21
95 50
96 73
97 25
98 48
99 0
100 166
101 22
102 17
103 5
104 11
105 5
106 2
107 57
108 16
109 32
110 21
111 40
112 28
113 0
114 57
115 5
116 2
117 20
118 25
119 8
120 39
121 3
122 0
123 53
124 52
125 48
126 48
127 1
128 56
129 6
130 57
131 26
132 18
133 35
134 0
135 78
136 5
137 12
138 2
139 2
140 4
141 118
142 5
143 6
144 1
145 2
146 35
147 2
148 5
149 3
150 16
151 15
152 0
153 41
154 2
155 2
156 1
157 10
158 4
159 11
160 1
161 0
162 5
163 45
164 8
165 15
166 1
167 45
168 3
169 25
170 17
171 13
172 2
173 0
174 18
175 3
176 5
177 2
178 1
179 10
180 7
181 1
182 55
183 33
184 31
185 33
186 115
187 100
188 0
189 53
190 7
191 4
192 28
193 38
194 14
195 83
196 3
197 0
198 72
199 57
200 58
201 64
202 17
203 53
204 15
205 43
206 70
207 31
208 33
209 0
210 149
211 34
212 12
213 9
214 14
215 4
216 1
217 41
218 23
219 28
220 32
221 116
222 83
223 0
224 44
225 14
226 11
227 28
228 33
229 9
230 104
231 2
232 0
233 43
234 47
235 51
236 51
237 15
238 42
239 12
240 39
241 54
242 22
243 77
244 0
245 116
246 21
247 8
248 10
249 34
250 3
251 3
252 31
253 16
254 29
255 15
256 68
257 47
258 0
259 32
260 2
261 3
262 57
263 21
264 5
265 20
266 2
267 0
268 32
269 38
270 26
271 36
272 4
273 34
274 4
275 24
276 44
277 17
278 18
279 0
280 70
281 14
282 8
283 2
284 5
285 6
286 1
287 1
288 1
289 2
290 1
291 2
292 3
293 2
294 0
295 2
296 1
297 1
298 2
299 1
300 2
301 2
302 1
303 0
304 2
305 2
306 1
307 2
308 2
309 2
310 1
311 2
312 1
313 1
314 3
315 0
316 3
317 2
318 1
319 2
320 1
321 3
322 2
323 46
324 16
325 21
326 24
327 57
328 27
329 0
330 43
331 3
332 2
333 20
334 22
335 7
336 16
337 1
338 0
339 39
340 42
341 33
342 35
343 2
344 41
345 4
346 43
347 26
348 14
349 26
350 0
351 66
352 5
353 14
354 2
355 1
356 4
357 2
358 29
359 18
360 24
361 39
362 90
363 36
364 0
365 37
366 3
367 4
368 26
369 27
370 6
371 16
372 1
373 0
374 36
375 42
376 22
377 45
378 5
379 38
380 9
381 27
382 28
383 20
384 75
385 0
386 103
387 8
388 17
389 3
390 5
391 2
392 77
393 5
394 39
395 1
396 1
397 22
398 4
399 5
400 11
401 15
402 4
403 0
404 17
405 2
406 2
407 9
408 11
409 5
410 6
411 2
412 0
413 11
414 17
415 12
416 22
417 1
418 24
419 1
420 15
421 9
422 6
423 6
424 0
425 19
426 3
427 6
428 1
429 1
430 2
431 1
432 22
433 6
434 4
435 12
436 16
437 4
438 0
439 18
440 3
441 2
442 6
443 14
444 3
445 7
446 1
447 0
448 14
449 21
450 14
451 15
452 1
453 24
454 2
455 20
456 10
457 7
458 8
459 0
460 23
461 3
462 6
463 1
464 1
465 3
466 1
467 24
468 13
469 13
470 38
471 29
472 9
473 0
474 31
475 2
476 2
477 14
478 12
479 6
480 15
481 2
482 0
483 19
484 20
485 21
486 26
487 1
488 26
489 2
490 28
491 14
492 12
493 16
494 0
495 39
496 4
497 11
498 1
499 1
500 4
501 4
502 55
503 16
504 36
505 34
506 39
507 31
508 0
509 56
510 6
511 2
512 23
513 24
514 11
515 32
516 3
517 0
518 45
519 50
520 55
521 43
522 2
523 61
524 7
525 53
526 28
527 16
528 31
529 0
530 52
531 5
532 14
533 2
534 1
535 4
536 4
537 39
538 12
539 32
540 24
541 90
542 66
543 0
544 37
545 3
546 3
547 19
548 32
549 9
550 86
551 4
552 0
553 45
554 33
555 56
556 33
557 2
558 41
559 15
560 28
561 35
562 15
563 27
564 0
565 91
566 5
567 14
568 2
569 3
570 4
571 2
572 42
573 18
574 26
575 19
576 76
577 58
578 0
579 39
580 5
581 3
582 20
583 33
584 6
585 19
586 3
587 0
588 25
589 44
590 37
591 45
592 5
593 44
594 6
595 34
596 33
597 18
598 25
599 0
600 92
601 8
602 17
603 2
604 3
605 6
606 2
607 47
608 27
609 27
610 41
611 103
612 79
613 0
614 41
615 4
616 3
617 15
618 42
619 10
620 84
621 5
622 0
623 53
624 46
625 52
626 49
627 4
628 41
629 9
630 32
631 45
632 17
633 34
634 0
635 115
636 6
637 12
638 5
639 3
640 3
641 15
642 7
643 3
644 74
645 45
646 38
647 45
648 134
649 131
650 0
651 83
652 6
653 17
654 17
655 64
656 32
657 127
658 4
659 0
660 102
661 102
662 74
663 96
664 37
665 81
666 22
667 65
668 89
669 59
670 38
671 0
672 206
673 61
674 25
675 11
676 11
677 24
