0 8
1 3
2 56
3 24
4 25
5 31
6 103
7 61
8 0
9 64
10 4
11 11
12 15
13 53
14 36
15 72
16 2
17 0
18 77
19 96
20 53
21 79
22 13
23 82
24 19
25 47
26 47
27 80
28 31
29 0
30 106
31 74
32 33
33 4
34 16
35 4
36 1
37 36
38 21
39 25
40 31
41 107
42 50
43 0
44 27
45 4
46 6
47 11
48 17
49 8
50 73
51 2
52 0
53 57
54 33
55 40
56 27
57 3
58 31
59 9
60 24
61 26
62 12
63 33
64 0
65 73
66 2
67 11
68 5
69 3
70 5
71 2
72 56
73 40
74 30
75 41
76 131
77 93
78 0
79 59
80 5
81 4
82 10
83 57
84 24
85 133
86 3
87 0
88 96
89 81
90 64
91 87
92 7
93 58
94 21
95 58
96 66
97 26
98 27
99 0
100 144
101 26
102 16
103 6
104 14
105 2
106 1
107 47
108 13
109 9
110 27
111 34
112 5
113 0
114 45
115 4
116 3
117 20
118 17
119 6
120 20
121 3
122 0
123 29
124 38
125 31
126 37
127 1
128 44
129 1
130 41
131 20
132 13
133 25
134 0
135 49
136 3
137 12
138 1
139 1
140 14
141 151
142 6
143 6
144 2
145 1
146 47
147 2
148 4
149 5
150 24
151 23
152 0
153 38
154 5
155 4
156 1
157 10
158 5
159 12
160 1
161 0
162 8
163 49
164 8
165 15
166 2
167 48
168 4
169 31
170 12
171 13
172 4
173 0
174 31
175 4
176 4
177 2
178 3
179 8
180 9
181 1
182 54
183 38
184 30
185 40
186 94
187 101
188 0
189 56
190 10
191 5
192 23
193 59
194 18
195 105
196 2
197 0
198 72
199 72
200 74
201 76
202 10
203 60
204 20
205 49
206 73
207 27
208 47
209 0
210 150
211 28
212 11
213 15
214 18
215 5
216 1
217 43
218 23
219 21
220 32
221 99
222 90
223 0
224 44
225 4
226 4
227 24
228 38
229 9
230 102
231 3
232 0
233 45
234 56
235 44
236 64
237 7
238 48
239 13
240 44
241 50
242 25
243 117
244 0
245 144
246 12
247 8
248 4
249 6
250 4
251 3
252 26
253 14
254 29
255 14
256 40
257 82
258 0
259 22
260 3
261 1
262 64
263 19
264 4
265 32
266 1
267 0
268 27
269 35
270 20
271 44
272 6
273 19
274 5
275 18
276 56
277 23
278 17
279 0
280 79
281 13
282 7
283 1
284 8
285 4
286 2
287 1
288 12
289 18
290 3
291 3
292 10
293 25
294 0
295 9
296 2
297 2
298 3
299 10
300 10
301 7
302 2
303 0
304 23
305 9
306 4
307 6
308 3
309 3
310 2
311 6
312 32
313 2
314 4
315 0
316 13
317 9
318 6
319 2
320 4
321 3
322 33
323 17
324 7
325 4
326 23
327 52
328 19
329 0
330 18
331 4
332 1
333 22
334 10
335 3
336 9
337 2
338 0
339 26
340 14
341 13
342 5
343 2
344 18
345 2
346 14
347 8
348 7
349 3
350 0
351 22
352 4
353 11
354 2
355 2
356 2
357 2
358 16
359 11
360 5
361 10
362 39
363 27
364 0
365 21
366 1
367 6
368 18
369 9
370 4
371 7
372 2
373 0
374 8
375 14
376 13
377 16
378 2
379 12
380 3
381 11
382 9
383 19
384 4
385 0
386 61
387 6
388 13
389 2
390 7
391 13
392 51
393 4
394 34
395 3
396 1
397 7
398 4
399 2
400 18
401 16
402 2
403 0
404 11
405 1
406 1
407 4
408 2
409 3
410 6
411 1
412 0
413 7
414 10
415 7
416 10
417 2
418 9
419 2
420 9
421 4
422 5
423 4
424 0
425 10
426 1
427 6
428 1
429 1
430 2
431 1
432 24
433 4
434 2
435 15
436 15
437 4
438 0
439 23
440 2
441 1
442 8
443 8
444 4
445 8
446 1
447 0
448 9
449 22
450 10
451 19
452 1
453 25
454 2
455 19
456 6
457 5
458 6
459 0
460 17
461 2
462 5
463 2
464 1
465 4
466 1
467 26
468 15
469 32
470 52
471 36
472 8
473 0
474 28
475 2
476 1
477 21
478 16
479 8
480 19
481 2
482 0
483 28
484 22
485 22
486 25
487 1
488 25
489 2
490 30
491 9
492 15
493 19
494 0
495 32
496 4
497 12
498 1
499 1
500 4
501 1
502 32
503 14
504 27
505 34
506 47
507 12
508 0
509 33
510 3
511 1
512 24
513 19
514 7
515 26
516 3
517 0
518 26
519 43
520 27
521 36
522 1
523 38
524 2
525 44
526 20
527 14
528 28
529 0
530 49
531 3
532 10
533 1
534 1
535 3
536 4
537 24
538 9
539 29
540 31
541 68
542 71
543 0
544 30
545 6
546 1
547 13
548 37
549 10
550 92
551 3
552 0
553 38
554 22
555 61
556 50
557 2
558 25
559 12
560 21
561 40
562 10
563 14
564 0
565 93
566 3
567 10
568 2
569 4
570 7
571 6
572 41
573 18
574 19
575 18
576 79
577 64
578 0
579 32
580 7
581 4
582 25
583 31
584 8
585 23
586 2
587 0
588 21
589 35
590 30
591 49
592 8
593 36
594 3
595 28
596 32
597 21
598 43
599 0
600 99
601 8
602 17
603 2
604 3
605 5
606 2
607 33
608 29
609 17
610 29
611 65
612 38
613 0
614 28
615 5
616 3
617 8
618 36
619 7
620 70
621 3
622 0
623 47
624 33
625 39
626 48
627 2
628 35
629 11
630 21
631 44
632 12
633 23
634 0
635 114
636 4
637 9
638 3
639 2
640 1
641 6
642 8
643 1
644 66
645 40
646 33
647 44
648 142
649 128
650 0
651 69
652 8
653 7
654 12
655 61
656 29
657 140
658 3
659 0
660 92
661 84
662 77
663 97
664 9
665 68
666 27
667 49
668 89
669 28
670 23
671 0
672 176
673 58
674 23
675 16
676 9
677 13
