0 7
1 1
2 55
3 30
4 27
5 37
6 103
7 112
8 0
9 66
10 7
11 15
12 18
13 53
14 40
15 76
16 2
17 0
18 82
19 90
20 63
21 72
22 21
23 69
24 25
25 48
26 56
27 163
28 53
29 0
30 127
31 65
32 29
33 4
34 33
35 3
36 1
37 29
38 21
39 23
40 41
41 107
42 58
43 0
44 27
45 4
46 2
47 15
48 24
49 9
50 75
51 3
52 0
53 54
54 30
55 49
56 27
57 3
58 27
59 11
60 25
61 27
62 12
63 20
64 0
65 83
66 3
67 14
68 2
69 3
70 8
71 2
72 61
73 40
74 24
75 44
76 124
77 94
78 0
79 63
80 6
81 4
82 20
83 50
84 21
85 113
86 4
87 0
88 80
89 86
90 73
91 89
92 11
93 65
94 19
95 52
96 76
97 27
98 42
99 0
100 176
101 20
102 20
103 5
104 11
105 5
106 1
107 57
108 16
109 35
110 19
111 36
112 31
113 0
114 56
115 5
116 2
117 23
118 25
119 9
120 46
121 2
122 0
123 49
124 52
125 46
126 42
127 1
128 56
129 8
130 54
131 30
132 19
133 36
134 0
135 68
136 4
137 12
138 2
139 1
140 8
141 137
142 3
143 6
144 1
145 1
146 31
147 1
148 2
149 3
150 14
151 14
152 0
153 27
154 2
155 1
156 1
157 9
158 2
159 9
160 1
161 0
162 5
163 32
164 9
165 13
166 1
167 32
168 3
169 21
170 17
171 15
172 2
173 0
174 18
175 4
176 4
177 1
178 1
179 7
180 9
181 1
182 55
183 29
184 30
185 32
186 116
187 98
188 0
189 51
190 8
191 3
192 26
193 45
194 14
195 90
196 3
197 0
198 69
199 68
200 57
201 68
202 9
203 55
204 18
205 46
206 67
207 28
208 28
209 0
210 137
211 30
212 14
213 9
214 14
215 4
216 1
217 49
218 24
219 25
220 29
221 119
222 83
223 0
224 40
225 10
226 11
227 26
228 32
229 11
230 99
231 2
232 0
233 49
234 51
235 50
236 51
237 17
238 54
239 14
240 40
241 51
242 39
243 96
244 0
245 106
246 22
247 9
248 6
249 29
250 2
251 2
252 31
253 17
254 28
255 13
256 57
257 59
258 0
259 32
260 2
261 3
262 37
263 24
264 5
265 20
266 1
267 0
268 31
269 36
270 26
271 34
272 5
273 34
274 5
275 20
276 39
277 19
278 16
279 0
280 68
281 11
282 8
283 2
284 3
285 5
286 1
287 1
288 2
289 2
290 1
291 1
292 4
293 2
294 0
295 2
296 1
297 1
298 1
299 1
300 1
301 2
302 1
303 0
304 2
305 1
306 1
307 1
308 2
309 2
310 1
311 2
312 2
313 1
314 1
315 0
316 3
317 2
318 1
319 2
320 2
321 3
322 2
323 40
324 16
325 19
326 18
327 66
328 31
329 0
330 36
331 3
332 2
333 20
334 21
335 7
336 17
337 2
338 0
339 32
340 36
341 32
342 32
343 2
344 38
345 3
346 35
347 25
348 15
349 27
350 0
351 60
352 5
353 12
354 1
355 1
356 3
357 2
358 33
359 17
360 24
361 39
362 89
363 44
364 0
365 34
366 3
367 5
368 28
369 22
370 7
371 15
372 1
373 0
374 42
375 39
376 23
377 39
378 2
379 39
380 8
381 30
382 31
383 19
384 17
385 0
386 91
387 9
388 15
389 4
390 5
391 1
392 76
393 4
394 15
395 1
396 1
397 23
398 7
399 5
400 14
401 15
402 6
403 0
404 17
405 2
406 1
407 9
408 12
409 4
410 6
411 1
412 0
413 9
414 19
415 13
416 18
417 1
418 24
419 1
420 12
421 8
422 6
423 4
424 0
425 23
426 3
427 6
428 1
429 1
430 1
431 1
432 24
433 6
434 5
435 14
436 17
437 4
438 0
439 22
440 2
441 2
442 10
443 11
444 7
445 9
446 1
447 0
448 11
449 21
450 13
451 21
452 1
453 23
454 1
455 16
456 10
457 6
458 7
459 0
460 22
461 3
462 6
463 1
464 1
465 3
466 1
467 34
468 14
469 17
470 39
471 29
472 10
473 0
474 31
475 2
476 2
477 15
478 14
479 5
480 19
481 2
482 0
483 17
484 27
485 25
486 29
487 1
488 32
489 2
490 26
491 21
492 10
493 35
494 0
495 35
496 4
497 10
498 1
499 1
500 4
501 4
502 49
503 14
504 35
505 40
506 38
507 30
508 0
509 59
510 5
511 1
512 21
513 23
514 9
515 39
516 3
517 0
518 41
519 51
520 58
521 48
522 2
523 50
524 7
525 48
526 25
527 13
528 21
529 0
530 60
531 5
532 15
533 2
534 1
535 3
536 4
537 35
538 13
539 30
540 29
541 78
542 60
543 0
544 35
545 3
546 3
547 16
548 38
549 9
550 91
551 3
552 0
553 45
554 38
555 64
556 35
557 2
558 39
559 13
560 31
561 29
562 14
563 25
564 0
565 89
566 3
567 12
568 2
569 2
570 5
571 1
572 40
573 17
574 24
575 21
576 83
577 57
578 0
579 38
580 4
581 3
582 25
583 31
584 8
585 23
586 2
587 0
588 28
589 39
590 35
591 43
592 3
593 41
594 6
595 32
596 29
597 19
598 40
599 0
600 95
601 7
602 19
603 2
604 3
605 7
606 2
607 42
608 28
609 30
610 36
611 104
612 83
613 0
614 41
615 4
616 3
617 13
618 38
619 10
620 97
621 5
622 0
623 60
624 47
625 69
626 48
627 5
628 44
629 12
630 35
631 49
632 13
633 27
634 0
635 115
636 5
637 12
638 3
639 3
640 2
641 10
642 8
643 1
644 75
645 44
646 34
647 54
648 136
649 127
650 0
651 82
652 8
653 17
654 18
655 61
656 35
657 131
658 2
659 0
660 103
661 99
662 75
663 95
664 12
665 86
666 24
667 68
668 79
669 52
670 33
671 0
672 189
673 63
674 31
675 12
676 10
677 26
