0 6
1 7
2 57
3 28
4 38
5 35
6 109
7 72
8 0
9 58
10 12
11 13
12 15
13 55
14 47
15 81
16 2
17 0
18 77
19 98
20 64
21 67
22 19
23 80
24 23
25 44
26 49
27 106
28 54
29 0
30 121
31 66
32 27
33 6
34 26
35 3
36 2
37 33
38 20
39 32
40 36
41 111
42 56
43 0
44 32
45 3
46 3
47 11
48 24
49 9
50 59
51 2
52 0
53 62
54 30
55 46
56 36
57 3
58 31
59 12
60 26
61 28
62 12
63 23
64 0
65 82
66 2
67 11
68 2
69 2
70 9
71 2
72 58
73 36
74 26
75 54
76 123
77 105
78 0
79 66
80 7
81 4
82 15
83 57
84 21
85 124
86 3
87 0
88 80
89 78
90 77
91 90
92 39
93 62
94 16
95 52
96 75
97 25
98 72
99 0
100 157
101 30
102 16
103 6
104 11
105 4
106 1
107 55
108 17
109 39
110 29
111 44
112 26
113 0
114 57
115 5
116 3
117 26
118 24
119 8
120 45
121 3
122 0
123 47
124 53
125 48
126 49
127 1
128 56
129 7
130 55
131 27
132 16
133 40
134 0
135 75
136 5
137 12
138 2
139 2
140 16
141 100
142 4
143 7
144 1
145 3
146 34
147 2
148 2
149 7
150 14
151 13
152 0
153 27
154 3
155 1
156 1
157 10
158 2
159 10
160 1
161 0
162 6
163 35
164 8
165 11
166 2
167 32
168 3
169 22
170 16
171 11
172 2
173 0
174 18
175 4
176 4
177 2
178 1
179 7
180 8
181 1
182 52
183 37
184 29
185 33
186 115
187 96
188 0
189 53
190 7
191 4
192 21
193 39
194 15
195 90
196 2
197 0
198 68
199 59
200 60
201 67
202 9
203 54
204 15
205 42
206 71
207 25
208 39
209 0
210 137
211 30
212 12
213 7
214 20
215 3
216 1
217 39
218 25
219 27
220 33
221 113
222 82
223 0
224 40
225 3
226 5
227 25
228 30
229 9
230 96
231 2
232 0
233 24
234 48
235 44
236 56
237 6
238 42
239 12
240 36
241 50
242 21
243 62
244 0
245 132
246 17
247 8
248 6
249 7
250 3
251 2
252 27
253 17
254 29
255 15
256 70
257 45
258 0
259 34
260 3
261 2
262 54
263 22
264 5
265 21
266 1
267 0
268 27
269 37
270 26
271 35
272 3
273 35
274 5
275 25
276 55
277 18
278 11
279 0
280 63
281 19
282 9
283 2
284 6
285 6
286 1
287 2
288 1
289 2
290 2
291 1
292 4
293 2
294 0
295 2
296 1
297 1
298 1
299 1
300 1
301 2
302 1
303 0
304 2
305 2
306 1
307 2
308 3
309 2
310 1
311 2
312 1
313 1
314 2
315 0
316 3
317 2
318 1
319 2
320 3
321 4
322 11
323 47
324 15
325 26
326 17
327 57
328 26
329 0
330 42
331 3
332 1
333 22
334 21
335 7
336 19
337 2
338 0
339 32
340 38
341 31
342 37
343 2
344 44
345 3
346 36
347 26
348 15
349 26
350 0
351 63
352 6
353 12
354 1
355 1
356 4
357 3
358 31
359 18
360 27
361 33
362 98
363 41
364 0
365 38
366 4
367 6
368 23
369 22
370 6
371 16
372 2
373 0
374 40
375 36
376 29
377 42
378 3
379 37
380 6
381 31
382 31
383 48
384 26
385 0
386 107
387 7
388 13
389 2
390 6
391 2
392 76
393 4
394 39
395 2
396 1
397 23
398 4
399 5
400 17
401 15
402 4
403 0
404 17
405 2
406 1
407 8
408 13
409 4
410 7
411 1
412 0
413 8
414 19
415 10
416 22
417 1
418 24
419 1
420 16
421 8
422 6
423 6
424 0
425 20
426 2
427 6
428 1
429 1
430 1
431 1
432 25
433 7
434 4
435 14
436 20
437 5
438 0
439 21
440 2
441 1
442 6
443 12
444 4
445 8
446 1
447 0
448 13
449 24
450 15
451 22
452 1
453 23
454 2
455 18
456 10
457 6
458 5
459 0
460 22
461 3
462 6
463 2
464 1
465 3
466 1
467 28
468 14
469 15
470 32
471 26
472 9
473 0
474 28
475 3
476 1
477 13
478 14
479 6
480 11
481 2
482 0
483 18
484 24
485 19
486 20
487 1
488 27
489 2
490 25
491 12
492 10
493 36
494 0
495 34
496 3
497 8
498 1
499 1
500 5
501 2
502 53
503 14
504 34
505 36
506 44
507 31
508 0
509 59
510 5
511 2
512 26
513 20
514 10
515 42
516 4
517 0
518 49
519 47
520 39
521 38
522 1
523 59
524 6
525 56
526 21
527 14
528 44
529 0
530 52
531 3
532 12
533 1
534 1
535 4
536 3
537 40
538 12
539 30
540 28
541 71
542 67
543 0
544 36
545 5
546 3
547 14
548 36
549 9
550 94
551 3
552 0
553 49
554 33
555 37
556 46
557 2
558 39
559 13
560 31
561 30
562 12
563 25
564 0
565 83
566 3
567 12
568 3
569 3
570 4
571 5
572 41
573 18
574 21
575 19
576 83
577 58
578 0
579 37
580 5
581 4
582 23
583 33
584 9
585 22
586 3
587 0
588 28
589 44
590 37
591 45
592 3
593 41
594 6
595 32
596 32
597 19
598 42
599 0
600 93
601 7
602 18
603 2
604 3
605 4
606 2
607 41
608 28
609 31
610 42
611 103
612 84
613 0
614 44
615 4
616 4
617 9
618 40
619 10
620 103
621 5
622 0
623 62
624 50
625 58
626 52
627 2
628 46
629 16
630 33
631 43
632 15
633 31
634 0
635 127
636 5
637 11
638 5
639 3
640 2
641 11
642 8
643 3
644 71
645 43
646 45
647 58
648 139
649 146
650 0
651 75
652 8
653 16
654 19
655 60
656 28
657 158
658 3
659 0
660 104
661 95
662 77
663 104
664 11
665 83
666 24
667 63
668 83
669 41
670 34
671 0
672 200
673 66
674 36
675 9
676 8
677 27
