0 6
1 6
2 61
3 32
4 36
5 32
6 99
7 69
8 0
9 54
10 9
11 18
12 14
13 52
14 48
15 79
16 2
17 0
18 83
19 100
20 62
21 77
22 21
23 75
24 22
25 43
26 48
27 101
28 58
29 0
30 117
31 69
32 26
33 7
34 25
35 3
36 2
37 33
38 20
39 39
40 35
41 109
42 60
43 0
44 28
45 3
46 3
47 12
48 23
49 9
50 61
51 2
52 0
53 57
54 25
55 46
56 35
57 3
58 34
59 10
60 25
61 27
62 13
63 21
64 0
65 84
66 4
67 12
68 2
69 2
70 9
71 2
72 60
73 37
74 26
75 48
76 127
77 102
78 0
79 67
80 5
81 3
82 17
83 55
84 23
85 126
86 3
87 0
88 83
89 78
90 80
91 88
92 29
93 62
94 19
95 55
96 69
97 22
98 67
99 0
100 154
101 35
102 18
103 6
104 11
105 5
106 1
107 58
108 17
109 35
110 30
111 42
112 27
113 0
114 55
115 6
116 3
117 25
118 26
119 7
120 44
121 3
122 0
123 49
124 52
125 44
126 49
127 1
128 58
129 6
130 51
131 28
132 18
133 43
134 0
135 75
136 4
137 13
138 2
139 2
140 17
141 94
142 3
143 6
144 1
145 2
146 32
147 2
148 2
149 6
150 14
151 13
152 0
153 32
154 3
155 1
156 1
157 9
158 3
159 12
160 1
161 0
162 6
163 38
164 7
165 13
166 2
167 33
168 3
169 23
170 16
171 12
172 2
173 0
174 19
175 4
176 4
177 2
178 1
179 8
180 8
181 1
182 51
183 37
184 29
185 32
186 116
187 98
188 0
189 52
190 7
191 4
192 23
193 40
194 16
195 86
196 3
197 0
198 69
199 59
200 57
201 67
202 11
203 54
204 16
205 43
206 69
207 22
208 42
209 0
210 137
211 34
212 12
213 7
214 20
215 3
216 1
217 40
218 25
219 25
220 35
221 116
222 83
223 0
224 39
225 5
226 4
227 21
228 33
229 10
230 102
231 2
232 0
233 33
234 50
235 41
236 60
237 8
238 41
239 13
240 41
241 50
242 20
243 66
244 0
245 119
246 21
247 9
248 6
249 10
250 3
251 2
252 32
253 18
254 21
255 16
256 76
257 41
258 0
259 33
260 2
261 2
262 55
263 21
264 4
265 17
266 1
267 0
268 27
269 35
270 27
271 37
272 5
273 33
274 5
275 24
276 45
277 19
278 11
279 0
280 62
281 15
282 9
283 2
284 6
285 6
286 1
287 2
288 1
289 2
290 2
291 1
292 4
293 2
294 0
295 2
296 1
297 1
298 1
299 1
300 2
301 2
302 1
303 0
304 2
305 2
306 1
307 2
308 2
309 2
310 1
311 2
312 1
313 2
314 3
315 0
316 3
317 2
318 1
319 2
320 2
321 4
322 18
323 45
324 16
325 23
326 23
327 58
328 25
329 0
330 42
331 3
332 2
333 21
334 23
335 7
336 21
337 2
338 0
339 33
340 39
341 34
342 37
343 3
344 44
345 4
346 37
347 26
348 16
349 28
350 0
351 61
352 6
353 13
354 1
355 1
356 3
357 3
358 32
359 18
360 26
361 33
362 113
363 46
364 0
365 36
366 3
367 5
368 24
369 23
370 5
371 18
372 2
373 0
374 32
375 41
376 25
377 41
378 2
379 34
380 5
381 30
382 32
383 47
384 14
385 0
386 108
387 7
388 13
389 2
390 6
391 1
392 84
393 4
394 39
395 2
396 1
397 24
398 6
399 4
400 15
401 15
402 4
403 0
404 17
405 1
406 1
407 8
408 13
409 4
410 8
411 1
412 0
413 8
414 20
415 10
416 20
417 1
418 22
419 1
420 15
421 7
422 6
423 4
424 0
425 23
426 2
427 6
428 1
429 1
430 1
431 1
432 23
433 7
434 3
435 14
436 19
437 4
438 0
439 22
440 2
441 1
442 6
443 11
444 4
445 7
446 1
447 0
448 13
449 23
450 14
451 22
452 1
453 26
454 1
455 19
456 9
457 5
458 6
459 0
460 22
461 3
462 7
463 2
464 1
465 4
466 1
467 27
468 14
469 17
470 28
471 25
472 9
473 0
474 28
475 3
476 1
477 11
478 14
479 5
480 11
481 2
482 0
483 19
484 23
485 21
486 24
487 1
488 28
489 2
490 26
491 10
492 11
493 27
494 0
495 34
496 4
497 9
498 1
499 1
500 4
501 2
502 54
503 17
504 33
505 33
506 42
507 30
508 0
509 58
510 5
511 1
512 24
513 22
514 8
515 44
516 4
517 0
518 44
519 55
520 48
521 45
522 1
523 58
524 6
525 56
526 24
527 11
528 38
529 0
530 43
531 4
532 13
533 2
534 1
535 4
536 4
537 37
538 11
539 30
540 28
541 84
542 66
543 0
544 37
545 6
546 3
547 11
548 35
549 8
550 97
551 3
552 0
553 45
554 32
555 36
556 41
557 2
558 35
559 12
560 30
561 33
562 11
563 23
564 0
565 85
566 3
567 12
568 3
569 2
570 5
571 6
572 38
573 18
574 20
575 21
576 83
577 53
578 0
579 36
580 5
581 4
582 22
583 34
584 7
585 22
586 2
587 0
588 23
589 41
590 37
591 48
592 4
593 44
594 6
595 30
596 32
597 19
598 41
599 0
600 87
601 7
602 17
603 2
604 2
605 5
606 2
607 42
608 25
609 30
610 39
611 122
612 84
613 0
614 41
615 5
616 4
617 9
618 38
619 10
620 98
621 4
622 0
623 61
624 47
625 55
626 49
627 2
628 46
629 15
630 37
631 41
632 13
633 32
634 0
635 127
636 5
637 10
638 4
639 2
640 3
641 15
642 9
643 3
644 74
645 44
646 47
647 56
648 144
649 142
650 0
651 73
652 7
653 12
654 17
655 61
656 36
657 154
658 4
659 0
660 106
661 109
662 78
663 99
664 9
665 85
666 25
667 58
668 82
669 46
670 40
671 0
672 206
673 65
674 38
675 10
676 11
677 29
