0 8
1 1
2 51
3 26
4 30
5 39
6 114
7 101
8 0
9 63
10 7
11 14
12 15
13 48
14 46
15 65
16 2
17 0
18 81
19 87
20 67
21 66
22 23
23 61
24 24
25 43
26 54
27 140
28 83
29 0
30 129
31 70
32 22
33 6
34 28
35 3
36 2
37 24
38 22
39 23
40 46
41 106
42 53
43 0
44 24
45 3
46 3
47 12
48 26
49 9
50 65
51 2
52 0
53 57
54 25
55 44
56 30
57 3
58 25
59 11
60 26
61 28
62 11
63 13
64 0
65 82
66 2
67 14
68 3
69 3
70 8
71 1
72 63
73 34
74 24
75 42
76 116
77 92
78 0
79 60
80 6
81 4
82 21
83 60
84 20
85 115
86 3
87 0
88 78
89 90
90 71
91 89
92 9
93 64
94 18
95 49
96 79
97 28
98 51
99 0
100 173
101 19
102 17
103 5
104 12
105 3
106 1
107 58
108 15
109 35
110 16
111 38
112 27
113 0
114 53
115 5
116 2
117 21
118 24
119 8
120 52
121 2
122 0
123 49
124 52
125 41
126 46
127 1
128 55
129 5
130 53
131 29
132 18
133 37
134 0
135 70
136 5
137 11
138 2
139 2
140 7
141 120
142 3
143 6
144 1
145 2
146 31
147 2
148 2
149 4
150 12
151 12
152 0
153 27
154 2
155 1
156 1
157 9
158 2
159 10
160 1
161 0
162 5
163 33
164 10
165 13
166 1
167 32
168 3
169 22
170 17
171 14
172 1
173 0
174 16
175 4
176 4
177 1
178 1
179 9
180 8
181 2
182 52
183 35
184 30
185 31
186 121
187 90
188 0
189 54
190 6
191 4
192 24
193 39
194 12
195 85
196 2
197 0
198 71
199 62
200 57
201 65
202 9
203 54
204 19
205 43
206 70
207 27
208 30
209 0
210 148
211 31
212 13
213 8
214 15
215 3
216 1
217 40
218 25
219 27
220 31
221 119
222 79
223 0
224 36
225 10
226 14
227 22
228 33
229 10
230 99
231 2
232 0
233 26
234 51
235 48
236 54
237 19
238 46
239 13
240 38
241 54
242 38
243 78
244 0
245 120
246 19
247 8
248 7
249 40
250 3
251 2
252 31
253 17
254 28
255 20
256 58
257 75
258 0
259 34
260 3
261 3
262 50
263 23
264 5
265 17
266 1
267 0
268 30
269 37
270 31
271 34
272 6
273 34
274 4
275 25
276 36
277 21
278 9
279 0
280 69
281 12
282 8
283 2
284 3
285 5
286 1
287 1
288 2
289 2
290 1
291 1
292 4
293 2
294 0
295 1
296 1
297 1
298 1
299 1
300 2
301 2
302 1
303 0
304 2
305 2
306 1
307 1
308 2
309 2
310 1
311 1
312 2
313 1
314 2
315 0
316 3
317 2
318 1
319 2
320 3
321 3
322 2
323 40
324 16
325 15
326 17
327 58
328 25
329 0
330 40
331 4
332 1
333 22
334 23
335 8
336 19
337 2
338 0
339 31
340 39
341 35
342 38
343 2
344 41
345 3
346 39
347 26
348 15
349 36
350 0
351 58
352 5
353 11
354 2
355 2
356 3
357 4
358 38
359 18
360 21
361 42
362 94
363 44
364 0
365 34
366 4
367 7
368 24
369 24
370 7
371 15
372 1
373 0
374 35
375 38
376 25
377 39
378 4
379 37
380 7
381 32
382 32
383 15
384 55
385 0
386 85
387 10
388 14
389 4
390 5
391 2
392 65
393 5
394 16
395 2
396 1
397 24
398 4
399 6
400 15
401 14
402 5
403 0
404 15
405 2
406 1
407 9
408 13
409 4
410 5
411 1
412 0
413 10
414 18
415 11
416 20
417 1
418 24
419 1
420 14
421 8
422 6
423 5
424 0
425 25
426 3
427 6
428 1
429 1
430 1
431 1
432 24
433 8
434 5
435 15
436 19
437 4
438 0
439 23
440 2
441 1
442 7
443 12
444 5
445 7
446 1
447 0
448 10
449 23
450 12
451 21
452 1
453 24
454 2
455 21
456 9
457 6
458 7
459 0
460 24
461 3
462 6
463 2
464 1
465 4
466 2
467 23
468 16
469 14
470 44
471 32
472 11
473 0
474 24
475 2
476 2
477 15
478 13
479 6
480 12
481 2
482 0
483 18
484 21
485 20
486 25
487 1
488 26
489 2
490 21
491 13
492 11
493 24
494 0
495 38
496 4
497 10
498 1
499 1
500 4
501 4
502 56
503 17
504 36
505 33
506 37
507 34
508 0
509 57
510 7
511 1
512 22
513 22
514 8
515 50
516 4
517 0
518 36
519 56
520 51
521 43
522 2
523 56
524 6
525 43
526 19
527 10
528 30
529 0
530 48
531 5
532 15
533 2
534 2
535 4
536 6
537 36
538 12
539 25
540 28
541 72
542 63
543 0
544 34
545 4
546 3
547 13
548 36
549 9
550 82
551 3
552 0
553 39
554 34
555 43
556 32
557 2
558 36
559 12
560 30
561 30
562 14
563 28
564 0
565 87
566 3
567 13
568 2
569 2
570 5
571 2
572 44
573 17
574 27
575 18
576 84
577 55
578 0
579 37
580 5
581 4
582 22
583 34
584 8
585 22
586 2
587 0
588 48
589 40
590 38
591 48
592 5
593 46
594 7
595 30
596 31
597 17
598 37
599 0
600 94
601 7
602 21
603 2
604 2
605 4
606 2
607 45
608 27
609 23
610 39
611 106
612 93
613 0
614 40
615 3
616 3
617 13
618 39
619 11
620 79
621 4
622 0
623 57
624 46
625 67
626 47
627 5
628 45
629 13
630 36
631 45
632 13
633 37
634 0
635 118
636 6
637 12
638 3
639 2
640 2
641 12
642 8
643 2
644 74
645 47
646 35
647 40
648 143
649 140
650 0
651 74
652 8
653 17
654 17
655 64
656 30
657 134
658 4
659 0
660 107
661 108
662 77
663 99
664 14
665 78
666 22
667 63
668 82
669 51
670 39
671 0
672 204
673 66
674 35
675 14
676 10
677 27
