0 6
1 1
2 52
3 29
4 39
5 40
6 115
7 106
8 0
9 65
10 6
11 13
12 15
13 51
14 41
15 70
16 2
17 0
18 79
19 81
20 65
21 75
22 17
23 63
24 24
25 47
26 53
27 160
28 48
29 0
30 125
31 66
32 27
33 4
34 34
35 3
36 2
37 26
38 20
39 24
40 44
41 108
42 56
43 0
44 26
45 3
46 3
47 13
48 25
49 9
50 71
51 2
52 0
53 56
54 28
55 46
56 30
57 2
58 30
59 10
60 24
61 27
62 13
63 23
64 0
65 80
66 3
67 13
68 2
69 3
70 8
71 2
72 60
73 37
74 22
75 43
76 132
77 97
78 0
79 61
80 7
81 5
82 24
83 51
84 23
85 117
86 2
87 0
88 81
89 84
90 71
91 82
92 10
93 77
94 19
95 49
96 72
97 26
98 47
99 0
100 164
101 20
102 17
103 5
104 12
105 5
106 1
107 52
108 16
109 35
110 20
111 37
112 28
113 0
114 54
115 5
116 2
117 25
118 25
119 9
120 48
121 3
122 0
123 50
124 52
125 45
126 46
127 1
128 57
129 6
130 54
131 28
132 19
133 43
134 0
135 71
136 5
137 12
138 2
139 2
140 7
141 125
142 3
143 5
144 1
145 1
146 31
147 1
148 3
149 2
150 14
151 14
152 0
153 27
154 3
155 1
156 2
157 9
158 2
159 11
160 1
161 0
162 5
163 32
164 10
165 12
166 1
167 32
168 3
169 23
170 15
171 15
172 1
173 0
174 20
175 4
176 4
177 1
178 1
179 8
180 9
181 1
182 54
183 38
184 31
185 32
186 120
187 89
188 0
189 53
190 7
191 4
192 25
193 39
194 15
195 85
196 3
197 0
198 74
199 66
200 58
201 63
202 10
203 54
204 18
205 46
206 67
207 28
208 37
209 0
210 143
211 30
212 11
213 10
214 15
215 3
216 1
217 42
218 23
219 26
220 31
221 117
222 79
223 0
224 38
225 10
226 11
227 22
228 33
229 10
230 100
231 2
232 0
233 50
234 52
235 52
236 51
237 20
238 46
239 12
240 38
241 51
242 34
243 82
244 0
245 114
246 19
247 8
248 5
249 35
250 2
251 2
252 33
253 18
254 26
255 19
256 68
257 63
258 0
259 31
260 2
261 2
262 55
263 25
264 5
265 18
266 1
267 0
268 34
269 32
270 20
271 33
272 6
273 33
274 4
275 25
276 39
277 20
278 13
279 0
280 70
281 12
282 6
283 2
284 4
285 6
286 1
287 1
288 2
289 3
290 1
291 2
292 4
293 2
294 0
295 2
296 1
297 1
298 1
299 1
300 1
301 2
302 1
303 0
304 3
305 2
306 1
307 1
308 2
309 2
310 1
311 1
312 2
313 1
314 3
315 0
316 3
317 3
318 2
319 3
320 2
321 2
322 2
323 44
324 16
325 19
326 16
327 64
328 26
329 0
330 43
331 3
332 1
333 20
334 21
335 7
336 19
337 2
338 0
339 32
340 38
341 34
342 34
343 3
344 43
345 2
346 42
347 28
348 14
349 27
350 0
351 54
352 5
353 12
354 1
355 1
356 2
357 2
358 36
359 19
360 23
361 47
362 105
363 45
364 0
365 37
366 3
367 5
368 30
369 23
370 7
371 14
372 1
373 0
374 42
375 37
376 27
377 38
378 4
379 39
380 7
381 31
382 33
383 20
384 14
385 0
386 89
387 10
388 14
389 4
390 5
391 2
392 70
393 4
394 17
395 2
396 1
397 22
398 6
399 5
400 14
401 13
402 5
403 0
404 17
405 2
406 1
407 10
408 11
409 4
410 5
411 1
412 0
413 9
414 18
415 13
416 18
417 1
418 22
419 1
420 13
421 6
422 7
423 7
424 0
425 24
426 4
427 9
428 1
429 1
430 1
431 1
432 24
433 6
434 5
435 12
436 17
437 4
438 0
439 17
440 2
441 1
442 8
443 12
444 6
445 8
446 1
447 0
448 11
449 22
450 11
451 21
452 1
453 23
454 1
455 17
456 8
457 6
458 10
459 0
460 22
461 3
462 5
463 1
464 1
465 2
466 1
467 28
468 14
469 19
470 45
471 31
472 10
473 0
474 28
475 1
476 2
477 16
478 13
479 6
480 22
481 2
482 0
483 19
484 24
485 28
486 27
487 1
488 35
489 2
490 24
491 18
492 9
493 47
494 0
495 30
496 3
497 11
498 1
499 1
500 4
501 6
502 54
503 16
504 38
505 40
506 38
507 28
508 0
509 53
510 6
511 1
512 19
513 23
514 11
515 40
516 4
517 0
518 41
519 48
520 50
521 44
522 2
523 54
524 7
525 51
526 21
527 12
528 31
529 0
530 49
531 4
532 15
533 1
534 1
535 4
536 7
537 35
538 12
539 29
540 31
541 82
542 63
543 0
544 36
545 3
546 3
547 16
548 40
549 9
550 86
551 3
552 0
553 38
554 32
555 59
556 30
557 2
558 35
559 13
560 28
561 32
562 15
563 26
564 0
565 80
566 3
567 11
568 2
569 2
570 5
571 2
572 41
573 16
574 23
575 22
576 85
577 54
578 0
579 38
580 4
581 3
582 21
583 31
584 8
585 24
586 2
587 0
588 32
589 42
590 37
591 45
592 5
593 41
594 6
595 30
596 30
597 18
598 35
599 0
600 93
601 7
602 18
603 2
604 3
605 6
606 2
607 48
608 28
609 28
610 38
611 106
612 85
613 0
614 44
615 4
616 3
617 14
618 40
619 11
620 88
621 4
622 0
623 63
624 47
625 63
626 44
627 5
628 46
629 14
630 32
631 42
632 13
633 27
634 0
635 110
636 6
637 15
638 3
639 3
640 2
641 14
642 7
643 2
644 70
645 46
646 34
647 55
648 143
649 131
650 0
651 78
652 8
653 15
654 16
655 60
656 33
657 135
658 4
659 0
660 101
661 105
662 78
663 97
664 16
665 88
666 22
667 66
668 86
669 57
670 37
671 0
672 199
673 66
674 32
675 13
676 11
677 25
