0 7
1 1
2 72
3 34
4 27
5 43
6 118
7 104
8 0
9 69
10 9
11 13
12 22
13 50
14 41
15 83
16 3
17 0
18 85
19 104
20 66
21 85
22 19
23 76
24 26
25 56
26 82
27 173
28 52
29 0
30 153
31 67
32 26
33 9
34 21
35 3
36 1
37 26
38 20
39 25
40 43
41 103
42 53
43 0
44 32
45 3
46 3
47 15
48 28
49 10
50 67
51 3
52 0
53 59
54 30
55 46
56 35
57 3
58 29
59 12
60 31
61 28
62 15
63 22
64 0
65 86
66 2
67 15
68 2
69 4
70 10
71 1
72 60
73 34
74 24
75 42
76 133
77 95
78 0
79 52
80 5
81 3
82 16
83 50
84 23
85 118
86 3
87 0
88 90
89 71
90 78
91 77
92 12
93 72
94 18
95 51
96 82
97 24
98 54
99 0
100 151
101 21
102 20
103 5
104 10
105 5
106 1
107 59
108 16
109 36
110 13
111 36
112 26
113 0
114 56
115 5
116 3
117 25
118 23
119 9
120 62
121 3
122 0
123 51
124 53
125 47
126 44
127 1
128 62
129 5
130 54
131 28
132 16
133 37
134 0
135 72
136 4
137 13
138 2
139 1
140 6
141 176
142 3
143 5
144 1
145 1
146 31
147 1
148 2
149 2
150 11
151 17
152 0
153 27
154 2
155 1
156 1
157 9
158 3
159 11
160 1
161 0
162 4
163 33
164 13
165 12
166 1
167 28
168 2
169 23
170 16
171 16
172 2
173 0
174 20
175 4
176 3
177 1
178 1
179 6
180 7
181 1
182 51
183 30
184 26
185 30
186 117
187 90
188 0
189 51
190 8
191 4
192 26
193 41
194 13
195 83
196 3
197 0
198 70
199 58
200 64
201 69
202 11
203 56
204 15
205 50
206 74
207 31
208 26
209 0
210 138
211 32
212 13
213 11
214 16
215 4
216 1
217 46
218 23
219 29
220 29
221 113
222 82
223 0
224 43
225 12
226 15
227 27
228 35
229 10
230 105
231 2
232 0
233 61
234 47
235 40
236 61
237 23
238 52
239 14
240 50
241 52
242 27
243 89
244 0
245 108
246 17
247 8
248 9
249 29
250 2
251 2
252 34
253 14
254 30
255 15
256 64
257 60
258 0
259 30
260 2
261 3
262 49
263 30
264 5
265 20
266 1
267 0
268 31
269 33
270 28
271 24
272 5
273 35
274 4
275 24
276 50
277 19
278 14
279 0
280 73
281 12
282 9
283 2
284 4
285 5
286 1
287 1
288 1
289 2
290 1
291 1
292 4
293 2
294 0
295 2
296 1
297 1
298 2
299 1
300 1
301 2
302 1
303 0
304 2
305 2
306 2
307 1
308 2
309 2
310 1
311 1
312 3
313 1
314 1
315 0
316 3
317 2
318 2
319 1
320 2
321 3
322 1
323 40
324 15
325 23
326 20
327 79
328 31
329 0
330 36
331 3
332 2
333 20
334 22
335 7
336 19
337 1
338 0
339 32
340 36
341 29
342 41
343 2
344 39
345 2
346 40
347 28
348 17
349 24
350 0
351 55
352 5
353 8
354 2
355 1
356 4
357 3
358 37
359 19
360 23
361 47
362 109
363 48
364 0
365 32
366 3
367 5
368 31
369 29
370 7
371 19
372 2
373 0
374 46
375 37
376 31
377 37
378 3
379 42
380 8
381 31
382 26
383 21
384 13
385 0
386 101
387 10
388 14
389 3
390 7
391 1
392 67
393 5
394 17
395 2
396 1
397 22
398 7
399 6
400 13
401 12
402 5
403 0
404 16
405 2
406 1
407 7
408 12
409 3
410 5
411 1
412 0
413 11
414 19
415 9
416 20
417 1
418 21
419 1
420 11
421 7
422 7
423 4
424 0
425 25
426 3
427 8
428 1
429 1
430 1
431 1
432 22
433 6
434 3
435 13
436 17
437 4
438 0
439 19
440 3
441 2
442 8
443 10
444 6
445 8
446 1
447 0
448 9
449 23
450 11
451 21
452 1
453 23
454 1
455 17
456 7
457 8
458 6
459 0
460 20
461 3
462 6
463 1
464 1
465 5
466 1
467 38
468 13
469 11
470 56
471 31
472 11
473 0
474 33
475 2
476 2
477 13
478 14
479 6
480 17
481 2
482 0
483 25
484 26
485 32
486 29
487 1
488 29
489 2
490 26
491 15
492 9
493 12
494 0
495 26
496 4
497 12
498 1
499 1
500 4
501 3
502 47
503 14
504 42
505 40
506 38
507 25
508 0
509 56
510 7
511 2
512 23
513 23
514 10
515 38
516 3
517 0
518 49
519 52
520 47
521 42
522 3
523 50
524 5
525 58
526 33
527 14
528 35
529 0
530 59
531 5
532 17
533 1
534 1
535 4
536 3
537 44
538 17
539 29
540 31
541 115
542 64
543 0
544 41
545 5
546 3
547 17
548 36
549 11
550 107
551 3
552 0
553 48
554 39
555 63
556 47
557 1
558 50
559 14
560 32
561 32
562 17
563 27
564 0
565 94
566 3
567 14
568 2
569 2
570 5
571 1
572 46
573 15
574 22
575 24
576 82
577 53
578 0
579 43
580 3
581 1
582 23
583 28
584 7
585 23
586 2
587 0
588 39
589 40
590 32
591 41
592 4
593 42
594 4
595 36
596 30
597 15
598 38
599 0
600 103
601 7
602 17
603 3
604 2
605 5
606 2
607 44
608 30
609 30
610 41
611 113
612 81
613 0
614 42
615 4
616 2
617 16
618 42
619 12
620 109
621 4
622 0
623 64
624 46
625 74
626 50
627 2
628 42
629 11
630 33
631 42
632 15
633 27
634 0
635 110
636 6
637 10
638 4
639 2
640 2
641 20
642 7
643 2
644 77
645 45
646 34
647 58
648 144
649 121
650 0
651 82
652 7
653 13
654 17
655 65
656 32
657 136
658 3
659 0
660 105
661 141
662 80
663 100
664 7
665 87
666 26
667 65
668 77
669 58
670 41
671 0
672 204
673 45
674 35
675 11
676 8
677 26
