0 7
1 5
2 57
3 21
4 32
5 28
6 104
7 89
8 0
9 67
10 4
11 8
12 17
13 42
14 39
15 69
16 2
17 0
18 74
19 112
20 58
21 63
22 12
23 80
24 19
25 57
26 54
27 125
28 34
29 0
30 101
31 61
32 35
33 2
34 18
35 4
36 2
37 33
38 19
39 17
40 31
41 108
42 48
43 0
44 30
45 3
46 5
47 12
48 23
49 9
50 75
51 2
52 0
53 60
54 30
55 50
56 26
57 4
58 32
59 9
60 29
61 27
62 13
63 10
64 0
65 70
66 2
67 12
68 4
69 5
70 8
71 2
72 55
73 39
74 29
75 48
76 128
77 91
78 0
79 60
80 7
81 5
82 15
83 55
84 24
85 112
86 3
87 0
88 80
89 68
90 64
91 76
92 9
93 54
94 19
95 56
96 72
97 27
98 51
99 0
100 163
101 24
102 15
103 7
104 11
105 2
106 2
107 47
108 13
109 15
110 28
111 36
112 9
113 0
114 43
115 4
116 3
117 20
118 19
119 4
120 19
121 3
122 0
123 27
124 34
125 29
126 35
127 1
128 40
129 1
130 46
131 19
132 13
133 22
134 0
135 50
136 4
137 11
138 1
139 1
140 17
141 149
142 1
143 4
144 1
145 1
146 50
147 2
148 6
149 4
150 22
151 25
152 0
153 46
154 4
155 4
156 1
157 10
158 9
159 13
160 1
161 0
162 9
163 43
164 7
165 11
166 3
167 51
168 3
169 28
170 20
171 21
172 4
173 0
174 24
175 9
176 4
177 3
178 3
179 7
180 8
181 1
182 53
183 39
184 34
185 33
186 105
187 99
188 0
189 60
190 10
191 4
192 26
193 49
194 19
195 90
196 2
197 0
198 70
199 76
200 74
201 78
202 11
203 60
204 21
205 44
206 73
207 29
208 39
209 0
210 141
211 30
212 12
213 13
214 19
215 4
216 1
217 46
218 23
219 22
220 41
221 113
222 88
223 0
224 44
225 6
226 4
227 20
228 40
229 8
230 109
231 3
232 0
233 41
234 59
235 49
236 75
237 7
238 48
239 11
240 43
241 48
242 27
243 121
244 0
245 147
246 15
247 9
248 6
249 6
250 3
251 1
252 25
253 15
254 25
255 14
256 58
257 71
258 0
259 16
260 6
261 1
262 52
263 26
264 6
265 28
266 1
267 0
268 26
269 29
270 19
271 29
272 6
273 20
274 6
275 17
276 66
277 23
278 12
279 0
280 78
281 12
282 7
283 2
284 7
285 5
286 2
287 1
288 7
289 8
290 2
291 3
292 7
293 10
294 0
295 13
296 2
297 3
298 2
299 19
300 10
301 8
302 2
303 0
304 15
305 3
306 6
307 13
308 3
309 13
310 2
311 5
312 19
313 3
314 6
315 0
316 35
317 6
318 10
319 3
320 3
321 4
322 9
323 20
324 11
325 15
326 15
327 32
328 26
329 0
330 20
331 3
332 1
333 11
334 6
335 4
336 10
337 2
338 0
339 27
340 24
341 8
342 12
343 2
344 18
345 2
346 31
347 13
348 10
349 6
350 0
351 26
352 5
353 11
354 2
355 2
356 2
357 1
358 19
359 13
360 7
361 20
362 50
363 15
364 0
365 17
366 1
367 7
368 20
369 12
370 4
371 7
372 2
373 0
374 8
375 21
376 16
377 8
378 2
379 15
380 3
381 12
382 33
383 5
384 5
385 0
386 44
387 5
388 12
389 2
390 8
391 11
392 49
393 4
394 31
395 2
396 1
397 8
398 5
399 1
400 13
401 18
402 3
403 0
404 12
405 1
406 1
407 5
408 3
409 3
410 5
411 1
412 0
413 5
414 11
415 8
416 9
417 2
418 8
419 2
420 9
421 4
422 4
423 5
424 0
425 9
426 2
427 6
428 1
429 1
430 1
431 1
432 26
433 5
434 1
435 10
436 18
437 4
438 0
439 23
440 1
441 1
442 8
443 6
444 5
445 8
446 1
447 0
448 19
449 20
450 10
451 18
452 1
453 26
454 2
455 19
456 7
457 4
458 4
459 0
460 17
461 2
462 5
463 2
464 1
465 5
466 1
467 26
468 14
469 29
470 47
471 41
472 6
473 0
474 28
475 2
476 1
477 19
478 15
479 8
480 19
481 1
482 0
483 30
484 22
485 22
486 26
487 1
488 25
489 3
490 24
491 10
492 15
493 18
494 0
495 35
496 4
497 11
498 1
499 1
500 4
501 1
502 43
503 13
504 26
505 29
506 48
507 10
508 0
509 34
510 2
511 1
512 24
513 17
514 7
515 26
516 3
517 0
518 30
519 47
520 27
521 30
522 1
523 42
524 2
525 43
526 15
527 15
528 28
529 0
530 54
531 2
532 14
533 1
534 1
535 4
536 5
537 23
538 12
539 34
540 21
541 90
542 68
543 0
544 25
545 8
546 2
547 12
548 39
549 9
550 103
551 3
552 0
553 41
554 23
555 53
556 41
557 3
558 26
559 15
560 20
561 31
562 13
563 19
564 0
565 85
566 3
567 13
568 2
569 3
570 6
571 6
572 37
573 16
574 21
575 18
576 74
577 57
578 0
579 37
580 9
581 4
582 25
583 30
584 7
585 22
586 3
587 0
588 24
589 33
590 30
591 49
592 7
593 37
594 4
595 31
596 31
597 21
598 47
599 0
600 95
601 9
602 16
603 3
604 3
605 8
606 2
607 31
608 26
609 21
610 18
611 90
612 48
613 0
614 31
615 6
616 2
617 10
618 32
619 5
620 86
621 4
622 0
623 53
624 30
625 54
626 53
627 1
628 39
629 12
630 27
631 43
632 14
633 123
634 0
635 115
636 4
637 10
638 3
639 3
640 2
641 5
642 5
643 1
644 63
645 43
646 34
647 42
648 131
649 134
650 0
651 69
652 8
653 6
654 15
655 63
656 29
657 143
658 4
659 0
660 99
661 95
662 73
663 100
664 7
665 67
666 23
667 54
668 73
669 28
670 23
671 0
672 181
673 57
674 25
675 16
676 12
677 12
