0 7
1 1
2 76
3 39
4 26
5 39
6 140
7 109
8 0
9 75
10 6
11 13
12 17
13 48
14 41
15 79
16 2
17 0
18 99
19 103
20 61
21 87
22 18
23 75
24 25
25 59
26 69
27 174
28 35
29 0
30 154
31 68
32 28
33 7
34 34
35 3
36 1
37 25
38 20
39 21
40 46
41 109
42 57
43 0
44 28
45 2
46 3
47 11
48 21
49 8
50 70
51 3
52 0
53 58
54 24
55 49
56 37
57 3
58 35
59 10
60 29
61 25
62 11
63 20
64 0
65 84
66 3
67 14
68 3
69 3
70 10
71 1
72 57
73 41
74 25
75 38
76 125
77 104
78 0
79 62
80 4
81 4
82 21
83 56
84 15
85 121
86 3
87 0
88 80
89 86
90 81
91 81
92 11
93 65
94 22
95 55
96 73
97 25
98 47
99 0
100 167
101 19
102 16
103 6
104 16
105 4
106 1
107 58
108 18
109 30
110 15
111 38
112 30
113 0
114 59
115 5
116 2
117 20
118 26
119 8
120 52
121 3
122 0
123 50
124 60
125 40
126 48
127 1
128 54
129 8
130 48
131 28
132 20
133 37
134 0
135 77
136 5
137 13
138 2
139 1
140 5
141 139
142 2
143 7
144 1
145 1
146 27
147 2
148 2
149 4
150 14
151 13
152 0
153 28
154 3
155 1
156 2
157 9
158 2
159 13
160 1
161 0
162 5
163 34
164 11
165 14
166 1
167 38
168 3
169 22
170 16
171 14
172 1
173 0
174 19
175 5
176 4
177 1
178 1
179 8
180 9
181 1
182 52
183 34
184 29
185 25
186 115
187 97
188 0
189 53
190 5
191 4
192 20
193 40
194 13
195 84
196 3
197 0
198 69
199 60
200 59
201 61
202 8
203 56
204 18
205 47
206 70
207 29
208 35
209 0
210 143
211 31
212 15
213 10
214 23
215 4
216 2
217 42
218 25
219 28
220 37
221 112
222 87
223 0
224 39
225 13
226 15
227 23
228 27
229 9
230 100
231 2
232 0
233 45
234 46
235 50
236 51
237 18
238 43
239 13
240 60
241 46
242 22
243 74
244 0
245 112
246 18
247 9
248 6
249 25
250 2
251 2
252 34
253 19
254 24
255 13
256 52
257 75
258 0
259 34
260 2
261 2
262 47
263 31
264 4
265 21
266 2
267 0
268 31
269 32
270 26
271 33
272 5
273 38
274 5
275 21
276 41
277 20
278 13
279 0
280 69
281 12
282 11
283 1
284 4
285 6
286 1
287 2
288 1
289 2
290 1
291 1
292 5
293 2
294 0
295 2
296 1
297 1
298 1
299 1
300 1
301 2
302 1
303 0
304 2
305 2
306 1
307 1
308 2
309 2
310 1
311 2
312 2
313 1
314 1
315 0
316 4
317 2
318 1
319 1
320 2
321 3
322 1
323 40
324 16
325 18
326 15
327 59
328 34
329 0
330 38
331 3
332 2
333 24
334 23
335 7
336 20
337 1
338 0
339 40
340 36
341 38
342 37
343 2
344 38
345 4
346 34
347 26
348 14
349 27
350 0
351 51
352 5
353 11
354 1
355 1
356 2
357 2
358 34
359 18
360 24
361 51
362 95
363 45
364 0
365 32
366 3
367 6
368 33
369 20
370 9
371 17
372 1
373 0
374 45
375 41
376 32
377 39
378 2
379 38
380 6
381 34
382 28
383 28
384 24
385 0
386 103
387 8
388 18
389 3
390 7
391 2
392 88
393 6
394 14
395 1
396 1
397 21
398 10
399 3
400 12
401 14
402 4
403 0
404 20
405 2
406 1
407 8
408 11
409 4
410 8
411 1
412 0
413 10
414 19
415 11
416 19
417 1
418 23
419 1
420 13
421 6
422 7
423 4
424 0
425 20
426 3
427 8
428 1
429 1
430 1
431 1
432 21
433 6
434 5
435 14
436 17
437 6
438 0
439 23
440 3
441 2
442 9
443 10
444 7
445 9
446 1
447 0
448 8
449 27
450 13
451 22
452 1
453 23
454 1
455 18
456 7
457 6
458 7
459 0
460 20
461 2
462 6
463 2
464 1
465 2
466 1
467 33
468 13
469 18
470 42
471 34
472 9
473 0
474 21
475 2
476 1
477 13
478 13
479 5
480 15
481 2
482 0
483 23
484 25
485 28
486 26
487 1
488 29
489 2
490 19
491 19
492 10
493 23
494 0
495 58
496 4
497 13
498 1
499 1
500 4
501 5
502 58
503 19
504 38
505 38
506 36
507 27
508 0
509 56
510 6
511 1
512 21
513 20
514 11
515 43
516 2
517 0
518 50
519 58
520 50
521 50
522 3
523 54
524 8
525 45
526 29
527 14
528 18
529 0
530 55
531 5
532 14
533 2
534 1
535 3
536 18
537 40
538 16
539 24
540 27
541 93
542 72
543 0
544 38
545 4
546 2
547 16
548 38
549 12
550 101
551 2
552 0
553 56
554 37
555 61
556 51
557 1
558 36
559 13
560 30
561 32
562 16
563 26
564 0
565 89
566 3
567 13
568 2
569 2
570 5
571 1
572 43
573 17
574 25
575 23
576 80
577 58
578 0
579 38
580 3
581 1
582 23
583 33
584 6
585 22
586 2
587 0
588 37
589 39
590 34
591 44
592 1
593 41
594 5
595 33
596 30
597 14
598 38
599 0
600 91
601 6
602 17
603 2
604 3
605 5
606 2
607 45
608 29
609 26
610 35
611 123
612 78
613 0
614 45
615 3
616 4
617 16
618 37
619 11
620 108
621 4
622 0
623 57
624 44
625 74
626 48
627 1
628 45
629 16
630 30
631 40
632 14
633 34
634 0
635 107
636 5
637 15
638 4
639 2
640 2
641 9
642 7
643 1
644 73
645 47
646 31
647 57
648 141
649 124
650 0
651 81
652 9
653 11
654 14
655 62
656 39
657 132
658 3
659 0
660 99
661 109
662 71
663 100
664 12
665 95
666 23
667 75
668 83
669 43
670 35
671 0
672 177
673 33
674 30
675 14
676 11
677 18
