0 8
1 1
2 57
3 31
4 30
5 39
6 107
7 109
8 0
9 68
10 11
11 16
12 19
13 50
14 41
15 71
16 3
17 0
18 82
19 98
20 61
21 78
22 22
23 70
24 23
25 50
26 66
27 136
28 44
29 0
30 132
31 73
32 25
33 6
34 35
35 3
36 1
37 33
38 20
39 26
40 44
41 114
42 54
43 0
44 35
45 3
46 3
47 15
48 25
49 8
50 81
51 2
52 0
53 60
54 31
55 46
56 40
57 2
58 39
59 11
60 29
61 28
62 14
63 29
64 0
65 76
66 3
67 14
68 3
69 2
70 9
71 1
72 54
73 36
74 25
75 45
76 128
77 102
78 0
79 61
80 7
81 4
82 21
83 58
84 20
85 117
86 3
87 0
88 81
89 81
90 77
91 86
92 13
93 60
94 21
95 48
96 73
97 27
98 42
99 0
100 164
101 22
102 19
103 5
104 14
105 4
106 1
107 56
108 18
109 31
110 22
111 38
112 27
113 0
114 56
115 6
116 2
117 21
118 23
119 8
120 39
121 3
122 0
123 55
124 54
125 51
126 42
127 1
128 58
129 7
130 57
131 28
132 17
133 29
134 0
135 81
136 5
137 13
138 1
139 2
140 5
141 124
142 6
143 7
144 1
145 2
146 43
147 2
148 6
149 3
150 20
151 15
152 0
153 39
154 2
155 1
156 1
157 9
158 4
159 11
160 1
161 0
162 5
163 44
164 8
165 14
166 1
167 41
168 3
169 24
170 17
171 14
172 2
173 0
174 18
175 3
176 5
177 2
178 2
179 7
180 7
181 1
182 52
183 35
184 30
185 31
186 120
187 98
188 0
189 54
190 6
191 3
192 30
193 38
194 15
195 84
196 3
197 0
198 71
199 54
200 58
201 63
202 20
203 55
204 16
205 41
206 64
207 31
208 31
209 0
210 143
211 36
212 14
213 8
214 19
215 4
216 1
217 37
218 25
219 26
220 32
221 112
222 79
223 0
224 43
225 8
226 15
227 25
228 32
229 10
230 101
231 2
232 0
233 41
234 46
235 50
236 56
237 14
238 42
239 13
240 41
241 54
242 24
243 67
244 0
245 115
246 20
247 8
248 9
249 35
250 3
251 2
252 31
253 17
254 23
255 16
256 65
257 51
258 0
259 31
260 3
261 3
262 51
263 24
264 5
265 19
266 2
267 0
268 33
269 31
270 27
271 34
272 6
273 33
274 5
275 27
276 40
277 19
278 19
279 0
280 69
281 15
282 9
283 2
284 5
285 7
286 1
287 1
288 1
289 3
290 2
291 2
292 4
293 1
294 0
295 2
296 1
297 1
298 2
299 1
300 2
301 2
302 1
303 0
304 3
305 2
306 1
307 1
308 2
309 2
310 2
311 2
312 1
313 1
314 4
315 0
316 3
317 2
318 1
319 2
320 2
321 3
322 3
323 46
324 17
325 19
326 22
327 55
328 27
329 0
330 46
331 3
332 2
333 19
334 22
335 7
336 15
337 1
338 0
339 35
340 43
341 32
342 33
343 2
344 43
345 5
346 40
347 25
348 17
349 26
350 0
351 67
352 5
353 12
354 2
355 1
356 4
357 2
358 29
359 19
360 21
361 51
362 105
363 40
364 0
365 40
366 3
367 4
368 25
369 25
370 7
371 17
372 1
373 0
374 33
375 42
376 27
377 43
378 6
379 38
380 8
381 27
382 24
383 22
384 35
385 0
386 95
387 9
388 18
389 3
390 5
391 2
392 76
393 4
394 44
395 2
396 1
397 24
398 5
399 5
400 13
401 15
402 4
403 0
404 17
405 2
406 2
407 9
408 12
409 5
410 6
411 1
412 0
413 11
414 20
415 12
416 21
417 1
418 23
419 1
420 14
421 9
422 6
423 7
424 0
425 20
426 3
427 6
428 1
429 1
430 2
431 1
432 22
433 6
434 4
435 12
436 15
437 4
438 0
439 19
440 2
441 2
442 7
443 11
444 4
445 7
446 1
447 0
448 13
449 21
450 15
451 17
452 1
453 21
454 2
455 21
456 9
457 7
458 8
459 0
460 21
461 3
462 7
463 1
464 1
465 3
466 2
467 27
468 13
469 12
470 40
471 29
472 10
473 0
474 31
475 2
476 1
477 13
478 12
479 5
480 14
481 2
482 0
483 18
484 20
485 18
486 25
487 1
488 24
489 2
490 27
491 12
492 11
493 27
494 0
495 36
496 3
497 11
498 1
499 1
500 5
501 5
502 53
503 14
504 35
505 40
506 40
507 29
508 0
509 51
510 6
511 2
512 26
513 22
514 9
515 33
516 3
517 0
518 45
519 47
520 56
521 44
522 1
523 55
524 8
525 55
526 24
527 15
528 42
529 0
530 71
531 4
532 16
533 1
534 1
535 4
536 5
537 42
538 11
539 28
540 25
541 91
542 62
543 0
544 37
545 4
546 3
547 21
548 32
549 8
550 88
551 3
552 0
553 48
554 34
555 56
556 34
557 2
558 42
559 15
560 33
561 35
562 16
563 33
564 0
565 94
566 5
567 12
568 3
569 3
570 5
571 2
572 38
573 17
574 29
575 18
576 77
577 59
578 0
579 40
580 5
581 3
582 19
583 31
584 8
585 19
586 2
587 0
588 33
589 41
590 38
591 46
592 5
593 46
594 5
595 32
596 32
597 19
598 27
599 0
600 93
601 8
602 16
603 2
604 2
605 5
606 2
607 42
608 30
609 27
610 43
611 102
612 82
613 0
614 39
615 4
616 3
617 16
618 39
619 10
620 92
621 6
622 0
623 54
624 45
625 59
626 52
627 8
628 42
629 10
630 31
631 45
632 16
633 46
634 0
635 111
636 5
637 10
638 3
639 3
640 3
641 18
642 6
643 3
644 78
645 46
646 36
647 50
648 137
649 133
650 0
651 78
652 7
653 18
654 18
655 65
656 30
657 126
658 4
659 0
660 102
661 100
662 84
663 100
664 35
665 84
666 20
667 66
668 88
669 66
670 51
671 0
672 208
673 60
674 31
675 13
676 13
677 25
