0 8
1 1
2 49
3 29
4 36
5 41
6 119
7 105
8 0
9 65
10 14
11 10
12 21
13 47
14 39
15 78
16 3
17 0
18 88
19 103
20 63
21 82
22 22
23 74
24 25
25 48
26 58
27 147
28 56
29 0
30 133
31 76
32 24
33 7
34 33
35 3
36 2
37 36
38 21
39 26
40 48
41 112
42 52
43 0
44 33
45 4
46 3
47 15
48 24
49 7
50 78
51 2
52 0
53 62
54 34
55 49
56 38
57 3
58 42
59 12
60 27
61 27
62 12
63 22
64 0
65 75
66 2
67 13
68 3
69 2
70 9
71 2
72 58
73 36
74 28
75 43
76 128
77 91
78 0
79 60
80 6
81 3
82 19
83 54
84 21
85 115
86 3
87 0
88 80
89 78
90 79
91 88
92 13
93 67
94 21
95 53
96 76
97 26
98 50
99 0
100 167
101 23
102 17
103 6
104 15
105 4
106 2
107 52
108 17
109 34
110 18
111 35
112 27
113 0
114 58
115 5
116 2
117 22
118 24
119 9
120 43
121 3
122 0
123 53
124 49
125 56
126 45
127 1
128 56
129 6
130 55
131 27
132 17
133 36
134 0
135 79
136 4
137 12
138 2
139 3
140 6
141 106
142 3
143 9
144 1
145 1
146 39
147 2
148 5
149 3
150 18
151 15
152 0
153 43
154 2
155 1
156 1
157 9
158 4
159 9
160 1
161 0
162 5
163 53
164 8
165 14
166 2
167 44
168 3
169 23
170 16
171 14
172 2
173 0
174 19
175 3
176 5
177 2
178 2
179 7
180 6
181 1
182 52
183 36
184 30
185 32
186 125
187 101
188 0
189 54
190 8
191 4
192 28
193 39
194 16
195 84
196 3
197 0
198 71
199 59
200 58
201 61
202 18
203 55
204 18
205 45
206 68
207 35
208 28
209 0
210 148
211 32
212 15
213 9
214 18
215 4
216 1
217 42
218 25
219 25
220 29
221 113
222 82
223 0
224 41
225 11
226 12
227 30
228 34
229 10
230 104
231 2
232 0
233 44
234 47
235 52
236 55
237 16
238 44
239 13
240 40
241 54
242 23
243 70
244 0
245 116
246 21
247 8
248 9
249 43
250 3
251 2
252 29
253 16
254 25
255 17
256 70
257 47
258 0
259 36
260 3
261 3
262 60
263 25
264 5
265 22
266 2
267 0
268 31
269 39
270 26
271 37
272 5
273 35
274 4
275 22
276 45
277 16
278 18
279 0
280 71
281 14
282 10
283 2
284 5
285 8
286 1
287 1
288 1
289 3
290 2
291 2
292 4
293 2
294 0
295 2
296 1
297 1
298 2
299 1
300 2
301 2
302 1
303 0
304 3
305 2
306 1
307 1
308 2
309 2
310 2
311 2
312 2
313 1
314 3
315 0
316 3
317 2
318 1
319 2
320 2
321 3
322 3
323 44
324 15
325 20
326 23
327 56
328 25
329 0
330 43
331 3
332 2
333 19
334 23
335 7
336 13
337 1
338 0
339 42
340 40
341 30
342 34
343 2
344 45
345 2
346 37
347 27
348 15
349 29
350 0
351 67
352 5
353 15
354 2
355 2
356 3
357 3
358 32
359 19
360 22
361 48
362 90
363 43
364 0
365 37
366 3
367 5
368 26
369 29
370 7
371 19
372 1
373 0
374 32
375 48
376 26
377 43
378 3
379 39
380 8
381 29
382 32
383 19
384 30
385 0
386 106
387 8
388 16
389 3
390 5
391 2
392 75
393 5
394 42
395 2
396 1
397 22
398 4
399 4
400 13
401 15
402 4
403 0
404 16
405 2
406 2
407 8
408 12
409 5
410 6
411 1
412 0
413 10
414 19
415 12
416 21
417 1
418 24
419 1
420 15
421 8
422 6
423 5
424 0
425 23
426 4
427 6
428 1
429 1
430 2
431 1
432 21
433 6
434 5
435 11
436 17
437 5
438 0
439 20
440 2
441 2
442 6
443 12
444 4
445 7
446 1
447 0
448 11
449 22
450 15
451 17
452 1
453 26
454 2
455 19
456 9
457 6
458 9
459 0
460 23
461 3
462 7
463 1
464 1
465 3
466 1
467 27
468 14
469 13
470 47
471 27
472 10
473 0
474 27
475 2
476 1
477 15
478 13
479 6
480 14
481 2
482 0
483 20
484 21
485 21
486 25
487 1
488 29
489 2
490 24
491 12
492 10
493 22
494 0
495 32
496 4
497 11
498 1
499 1
500 4
501 4
502 51
503 15
504 36
505 39
506 34
507 29
508 0
509 55
510 5
511 1
512 24
513 27
514 9
515 30
516 3
517 0
518 43
519 45
520 55
521 40
522 2
523 55
524 6
525 53
526 26
527 14
528 45
529 0
530 53
531 5
532 15
533 2
534 1
535 4
536 6
537 41
538 11
539 27
540 27
541 80
542 67
543 0
544 35
545 4
546 3
547 18
548 31
549 9
550 83
551 3
552 0
553 45
554 35
555 56
556 34
557 2
558 40
559 14
560 32
561 30
562 16
563 31
564 0
565 91
566 5
567 12
568 2
569 3
570 4
571 2
572 39
573 19
574 24
575 17
576 77
577 54
578 0
579 40
580 5
581 4
582 20
583 30
584 7
585 19
586 2
587 0
588 30
589 42
590 37
591 50
592 4
593 44
594 5
595 33
596 31
597 18
598 28
599 0
600 90
601 8
602 15
603 2
604 2
605 6
606 2
607 45
608 29
609 28
610 41
611 105
612 82
613 0
614 38
615 4
616 4
617 14
618 39
619 10
620 94
621 5
622 0
623 58
624 45
625 56
626 51
627 4
628 43
629 13
630 32
631 43
632 14
633 46
634 0
635 120
636 5
637 11
638 4
639 2
640 3
641 12
642 7
643 3
644 79
645 43
646 40
647 48
648 136
649 131
650 0
651 80
652 7
653 16
654 15
655 65
656 33
657 129
658 3
659 0
660 102
661 106
662 81
663 99
664 22
665 82
666 21
667 62
668 84
669 61
670 36
671 0
672 204
673 59
674 29
675 13
676 12
677 23
