0 9
2 79
3 46
4 17
5 39
6 123
7 79
9 84
10 4
11 13
12 19
13 64
14 40
15 54
16 1
18 86
19 102
20 57
21 106
22 21
23 85
24 41
25 71
26 59
27 170
28 43
30 144
31 57
32 37
33 19
34 32
35 1
36 2
37 56
38 24
39 15
40 37
41 101
42 45
44 51
46 4
47 16
48 29
49 8
50 65
51 5
53 39
54 50
55 48
56 51
58 53
59 18
60 41
61 24
62 10
63 11
65 59
66 1
67 10
70 14
71 1
72 55
73 36
74 12
75 42
76 147
77 108
79 54
80 6
81 5
82 8
83 48
84 22
85 111
86 4
88 84
89 62
90 61
91 64
92 20
93 58
94 19
95 50
96 85
97 23
98 23
100 132
101 38
102 11
103 5
104 14
105 5
107 83
108 13
109 56
110 40
111 60
112 34
114 86
115 4
116 1
117 32
118 24
119 16
120 31
121 2
123 70
124 74
125 67
126 38
128 81
129 1
130 81
131 20
132 26
133 25
135 109
136 9
137 19
140 5
141 328
142 5
143 6
144 1
146 37
147 2
148 1
149 1
150 23
151 10
153 35
156 1
157 13
158 1
159 7
162 4
163 40
164 11
165 13
167 41
169 31
170 8
171 11
172 1
174 16
175 4
176 4
179 7
180 10
181 1
182 57
183 33
184 36
185 42
186 157
187 108
189 67
190 3
191 4
192 26
193 51
194 18
195 81
198 69
199 80
200 58
201 64
202 13
203 67
204 8
205 62
206 79
207 77
208 38
210 130
211 43
212 18
213 4
214 20
215 6
217 57
218 28
219 13
220 32
221 118
222 109
224 58
225 7
226 12
227 25
228 48
229 11
230 117
231 4
233 62
234 69
235 68
236 73
237 10
238 61
239 14
240 51
241 64
242 20
243 205
245 142
246 19
247 7
248 7
249 19
251 1
252 24
253 16
254 18
255 18
256 86
257 55
259 23
260 4
261 1
262 24
263 17
264 2
265 21
266 1
268 37
269 27
270 27
271 30
272 3
273 24
274 1
275 19
276 37
277 14
278 17
280 62
281 7
282 10
283 3
284 6
285 7
288 1
292 1
293 4
295 2
301 3
304 2
305 1
306 3
309 1
310 2
311 2
312 1
313 2
316 2
318 1
319 1
320 2
321 3
323 46
324 10
325 20
326 19
327 73
328 23
330 41
331 4
332 2
333 30
334 26
335 9
336 9
337 1
339 34
340 39
341 27
342 38
343 1
344 46
345 2
346 34
347 24
348 10
349 24
351 88
352 6
353 13
354 1
355 1
356 2
358 42
359 24
360 18
361 32
362 75
363 61
365 35
366 2
367 4
368 50
369 43
370 5
371 25
372 1
374 32
375 43
376 34
377 56
378 4
379 43
380 5
381 28
382 55
383 16
384 12
386 97
387 10
388 12
389 1
390 8
391 1
392 69
393 4
394 33
395 6
397 21
398 4
399 10
400 14
401 13
402 4
404 19
405 1
406 1
407 5
408 8
409 4
410 5
411 1
413 18
414 17
415 10
416 11
417 1
418 19
419 3
420 21
421 11
422 7
423 5
425 8
426 3
427 8
430 1
432 18
433 8
434 3
435 11
436 9
437 6
439 18
440 1
442 6
443 6
444 6
445 8
448 10
449 21
450 8
451 22
453 19
454 1
455 18
456 8
457 3
458 3
460 27
462 4
465 4
467 28
468 22
469 8
470 39
471 23
472 4
474 26
475 1
477 14
478 16
479 5
480 8
481 2
483 16
484 22
485 23
486 14
488 29
489 1
490 26
491 19
492 8
493 14
495 40
496 2
497 5
500 7
502 77
503 22
504 56
505 47
506 49
507 28
509 79
510 3
512 34
513 11
514 14
515 38
516 2
518 56
519 71
520 52
521 42
522 1
523 78
524 7
525 73
526 30
527 20
528 38
530 60
531 3
532 12
535 8
536 4
537 48
538 14
539 37
540 20
541 134
542 81
544 46
545 3
546 2
547 27
548 40
549 9
550 110
551 3
553 62
554 44
555 82
556 47
557 2
558 47
559 15
560 38
561 34
562 12
563 20
565 83
566 5
567 15
568 1
569 2
570 2
572 41
573 21
574 19
575 15
576 83
577 73
579 39
580 2
582 25
583 27
584 11
585 37
586 2
588 49
589 48
590 45
591 42
593 45
594 3
595 29
596 39
597 21
598 24
600 95
601 9
602 15
603 3
604 1
605 11
606 1
607 37
608 31
609 51
610 42
611 106
612 66
614 34
615 6
616 3
617 11
618 39
619 10
620 88
621 2
623 56
624 42
625 67
626 63
627 1
628 41
629 14
630 22
631 34
632 17
633 59
635 104
636 6
637 19
638 1
639 3
640 1
641 11
642 4
644 62
645 44
646 30
647 73
648 104
649 149
651 64
652 4
653 25
654 25
655 39
656 74
657 136
660 122
661 104
662 85
663 80
664 14
665 71
666 22
667 55
668 84
669 31
670 94
672 160
673 75
674 46
675 13
676 22
677 34
