0 6
1 6
2 70
3 22
4 33
5 33
6 110
7 70
8 0
9 80
10 5
11 6
12 14
13 53
14 39
15 72
16 2
17 0
18 83
19 99
20 62
21 54
22 13
23 71
24 23
25 45
26 58
27 104
28 16
29 0
30 106
31 70
32 28
33 5
34 21
35 4
36 2
37 33
38 20
39 41
40 31
41 96
42 49
43 0
44 23
45 5
46 4
47 10
48 18
49 10
50 67
51 2
52 0
53 58
54 33
55 38
56 27
57 2
58 30
59 9
60 30
61 28
62 11
63 28
64 0
65 76
66 2
67 11
68 3
69 4
70 9
71 3
72 53
73 42
74 25
75 47
76 136
77 88
78 0
79 64
80 5
81 4
82 11
83 43
84 24
85 118
86 2
87 0
88 86
89 65
90 53
91 84
92 6
93 58
94 18
95 56
96 69
97 28
98 37
99 0
100 148
101 24
102 16
103 6
104 15
105 3
106 2
107 46
108 12
109 12
110 27
111 35
112 6
113 0
114 41
115 3
116 3
117 20
118 19
119 6
120 23
121 2
122 0
123 30
124 35
125 35
126 35
127 2
128 45
129 2
130 40
131 18
132 13
133 26
134 0
135 45
136 4
137 12
138 1
139 1
140 19
141 167
142 3
143 5
144 2
145 2
146 48
147 2
148 3
149 2
150 19
151 16
152 0
153 37
154 4
155 3
156 2
157 10
158 6
159 13
160 1
161 0
162 8
163 49
164 10
165 10
166 3
167 54
168 3
169 29
170 15
171 14
172 3
173 0
174 33
175 5
176 5
177 2
178 2
179 7
180 9
181 1
182 57
183 40
184 29
185 35
186 106
187 104
188 0
189 65
190 9
191 4
192 21
193 55
194 18
195 100
196 2
197 0
198 65
199 67
200 74
201 79
202 10
203 60
204 22
205 45
206 74
207 27
208 45
209 0
210 148
211 31
212 12
213 13
214 17
215 4
216 1
217 47
218 24
219 21
220 41
221 100
222 83
223 0
224 45
225 6
226 3
227 21
228 39
229 8
230 106
231 3
232 0
233 12
234 57
235 47
236 66
237 5
238 46
239 14
240 45
241 56
242 25
243 138
244 0
245 164
246 13
247 6
248 2
249 6
250 5
251 1
252 19
253 13
254 24
255 16
256 46
257 79
258 0
259 21
260 4
261 1
262 57
263 13
264 4
265 21
266 2
267 0
268 38
269 28
270 21
271 49
272 7
273 23
274 7
275 14
276 64
277 30
278 10
279 0
280 77
281 13
282 7
283 2
284 8
285 5
286 2
287 1
288 9
289 9
290 2
291 2
292 8
293 26
294 0
295 8
296 1
297 2
298 1
299 10
300 8
301 6
302 2
303 0
304 20
305 11
306 3
307 23
308 3
309 3
310 2
311 5
312 18
313 4
314 6
315 0
316 8
317 7
318 11
319 3
320 2
321 4
322 50
323 15
324 6
325 6
326 20
327 36
328 22
329 0
330 14
331 4
332 1
333 15
334 22
335 5
336 10
337 2
338 0
339 25
340 16
341 13
342 10
343 2
344 20
345 2
346 9
347 6
348 4
349 3
350 0
351 16
352 5
353 12
354 2
355 1
356 1
357 1
358 18
359 11
360 5
361 18
362 47
363 22
364 0
365 14
366 1
367 5
368 17
369 10
370 5
371 11
372 1
373 0
374 6
375 19
376 16
377 16
378 2
379 15
380 2
381 10
382 18
383 18
384 4
385 0
386 30
387 4
388 14
389 2
390 8
391 15
392 53
393 5
394 21
395 3
396 1
397 8
398 4
399 1
400 14
401 19
402 4
403 0
404 12
405 1
406 1
407 4
408 2
409 3
410 5
411 1
412 0
413 5
414 11
415 7
416 9
417 2
418 9
419 2
420 9
421 3
422 4
423 5
424 0
425 12
426 1
427 6
428 1
429 1
430 1
431 1
432 25
433 5
434 1
435 13
436 18
437 4
438 0
439 20
440 1
441 1
442 8
443 7
444 4
445 6
446 1
447 0
448 8
449 21
450 9
451 17
452 1
453 25
454 2
455 19
456 7
457 4
458 5
459 0
460 18
461 2
462 4
463 3
464 1
465 4
466 1
467 24
468 14
469 29
470 46
471 40
472 9
473 0
474 29
475 3
476 1
477 19
478 15
479 9
480 20
481 3
482 0
483 30
484 22
485 19
486 29
487 2
488 26
489 3
490 23
491 12
492 15
493 15
494 0
495 36
496 4
497 14
498 1
499 1
500 4
501 1
502 31
503 13
504 27
505 31
506 48
507 11
508 0
509 38
510 3
511 2
512 25
513 17
514 8
515 23
516 3
517 0
518 27
519 39
520 29
521 34
522 1
523 42
524 3
525 41
526 18
527 13
528 28
529 0
530 48
531 3
532 13
533 2
534 1
535 3
536 3
537 26
538 9
539 22
540 26
541 51
542 72
543 0
544 28
545 6
546 2
547 11
548 34
549 12
550 85
551 3
552 0
553 49
554 22
555 53
556 44
557 2
558 25
559 14
560 21
561 41
562 9
563 19
564 0
565 99
566 5
567 13
568 3
569 3
570 7
571 2
572 37
573 17
574 16
575 17
576 77
577 62
578 0
579 33
580 8
581 5
582 25
583 31
584 9
585 27
586 2
587 0
588 13
589 33
590 30
591 48
592 7
593 38
594 4
595 32
596 31
597 20
598 42
599 0
600 95
601 10
602 17
603 3
604 3
605 8
606 2
607 30
608 22
609 18
610 28
611 63
612 43
613 0
614 29
615 5
616 3
617 12
618 39
619 5
620 82
621 3
622 0
623 52
624 42
625 34
626 38
627 2
628 37
629 9
630 22
631 41
632 10
633 66
634 0
635 133
636 3
637 8
638 3
639 2
640 1
641 22
642 8
643 1
644 66
645 44
646 33
647 50
648 126
649 129
650 0
651 63
652 6
653 7
654 8
655 63
656 26
657 144
658 3
659 0
660 95
661 82
662 76
663 87
664 9
665 66
666 23
667 50
668 88
669 30
670 24
671 0
672 192
673 60
674 25
675 17
676 8
677 14
