0 9
1 1
2 53
3 28
4 32
5 34
6 127
7 105
8 0
9 71
10 8
11 16
12 17
13 52
14 39
15 59
16 2
17 0
18 88
19 95
20 67
21 85
22 23
23 69
24 27
25 64
26 81
27 176
28 66
29 0
30 131
31 59
32 27
33 6
34 38
35 4
36 2
37 32
38 21
39 19
40 48
41 111
42 63
43 0
44 30
45 4
46 3
47 15
48 30
49 8
50 73
51 3
52 0
53 54
54 34
55 53
56 34
57 4
58 28
59 13
60 35
61 29
62 14
63 20
64 0
65 77
66 2
67 13
68 3
69 4
70 9
71 2
72 54
73 41
74 19
75 42
76 131
77 88
78 0
79 52
80 6
81 3
82 21
83 36
84 16
85 117
86 3
87 0
88 84
89 69
90 74
91 82
92 10
93 59
94 21
95 43
96 61
97 31
98 40
99 0
100 162
101 20
102 18
103 5
104 6
105 2
106 1
107 42
108 7
109 30
110 15
111 33
112 25
113 0
114 39
115 4
116 3
117 21
118 18
119 10
120 19
121 2
122 0
123 46
124 47
125 30
126 42
127 1
128 44
129 6
130 53
131 23
132 16
133 35
134 0
135 67
136 5
137 11
138 1
139 1
140 7
141 96
142 5
143 5
144 2
145 2
146 37
147 2
148 2
149 2
150 15
151 14
152 0
153 26
154 2
155 1
156 5
157 9
158 3
159 14
160 1
161 0
162 6
163 31
164 15
165 13
166 1
167 37
168 3
169 22
170 15
171 16
172 2
173 0
174 20
175 4
176 3
177 1
178 1
179 9
180 6
181 1
182 73
183 41
184 37
185 27
186 114
187 101
188 0
189 47
190 7
191 4
192 25
193 40
194 16
195 86
196 3
197 0
198 70
199 74
200 49
201 82
202 13
203 64
204 21
205 47
206 71
207 29
208 32
209 0
210 162
211 29
212 13
213 10
214 12
215 4
216 1
217 36
218 25
219 24
220 28
221 123
222 88
223 0
224 42
225 11
226 11
227 22
228 38
229 10
230 100
231 2
232 0
233 32
234 58
235 59
236 66
237 18
238 49
239 14
240 47
241 54
242 39
243 65
244 0
245 117
246 20
247 9
248 6
249 13
250 3
251 2
252 27
253 14
254 25
255 14
256 60
257 82
258 0
259 22
260 3
261 3
262 55
263 36
264 6
265 22
266 2
267 0
268 46
269 30
270 25
271 28
272 5
273 23
274 5
275 24
276 43
277 19
278 13
279 0
280 82
281 11
282 10
283 2
284 5
285 5
286 3
287 1
288 2
289 8
290 2
291 2
292 6
293 3
294 0
295 4
296 1
297 1
298 1
299 7
300 2
301 4
302 1
303 0
304 6
305 2
306 4
307 2
308 1
309 2
310 1
311 4
312 3
313 1
314 5
315 0
316 4
317 2
318 1
319 3
320 2
321 3
322 2
323 30
324 5
325 11
326 19
327 62
328 27
329 0
330 37
331 3
332 1
333 19
334 25
335 5
336 8
337 2
338 0
339 36
340 40
341 32
342 38
343 2
344 40
345 2
346 40
347 23
348 14
349 10
350 0
351 65
352 5
353 10
354 2
355 2
356 2
357 2
358 32
359 12
360 22
361 38
362 92
363 38
364 0
365 30
366 3
367 6
368 33
369 23
370 7
371 16
372 1
373 0
374 43
375 39
376 25
377 30
378 4
379 41
380 7
381 30
382 28
383 21
384 33
385 0
386 92
387 9
388 18
389 5
390 9
391 3
392 40
393 6
394 25
395 3
396 1
397 22
398 4
399 13
400 12
401 18
402 8
403 0
404 24
405 1
406 2
407 10
408 7
409 3
410 8
411 2
412 0
413 6
414 17
415 17
416 15
417 1
418 32
419 2
420 13
421 14
422 9
423 5
424 0
425 24
426 3
427 8
428 1
429 1
430 2
431 1
432 26
433 5
434 4
435 14
436 19
437 4
438 0
439 22
440 2
441 2
442 8
443 9
444 4
445 8
446 2
447 0
448 14
449 22
450 14
451 20
452 1
453 23
454 2
455 20
456 7
457 5
458 28
459 0
460 17
461 2
462 5
463 2
464 1
465 4
466 1
467 28
468 13
469 20
470 56
471 40
472 8
473 0
474 21
475 2
476 1
477 19
478 15
479 9
480 18
481 2
482 0
483 26
484 24
485 16
486 23
487 2
488 27
489 2
490 21
491 14
492 9
493 29
494 0
495 29
496 3
497 12
498 1
499 1
500 3
501 4
502 45
503 3
504 27
505 29
506 33
507 16
508 0
509 31
510 6
511 2
512 21
513 14
514 10
515 19
516 2
517 0
518 49
519 34
520 28
521 36
522 2
523 34
524 6
525 51
526 18
527 14
528 28
529 0
530 77
531 4
532 14
533 1
534 2
535 4
536 13
537 32
538 10
539 34
540 28
541 79
542 67
543 0
544 29
545 3
546 4
547 18
548 38
549 11
550 88
551 3
552 0
553 50
554 27
555 65
556 30
557 2
558 29
559 12
560 29
561 29
562 17
563 38
564 0
565 91
566 3
567 12
568 2
569 3
570 5
571 2
572 37
573 18
574 28
575 22
576 79
577 50
578 0
579 38
580 3
581 4
582 19
583 29
584 8
585 19
586 2
587 0
588 36
589 40
590 33
591 43
592 6
593 39
594 3
595 32
596 29
597 19
598 38
599 0
600 97
601 7
602 19
603 2
604 2
605 7
606 1
607 37
608 23
609 30
610 35
611 105
612 89
613 0
614 31
615 4
616 3
617 12
618 33
619 7
620 68
621 4
622 0
623 49
624 37
625 51
626 34
627 4
628 37
629 8
630 34
631 47
632 10
633 72
634 0
635 122
636 6
637 12
638 2
639 2
640 2
641 14
642 7
643 2
644 67
645 42
646 28
647 45
648 135
649 128
650 0
651 60
652 8
653 16
654 14
655 62
656 40
657 134
658 3
659 0
660 105
661 84
662 78
663 78
664 13
665 77
666 20
667 58
668 83
669 77
670 36
671 0
672 208
673 64
674 30
675 15
676 20
677 23
