0 7
1 1
2 49
3 30
4 28
5 37
6 109
7 103
8 0
9 64
10 8
11 14
12 17
13 51
14 40
15 66
16 2
17 0
18 85
19 94
20 66
21 77
22 19
23 63
24 26
25 45
26 45
27 151
28 54
29 0
30 120
31 66
32 24
33 6
34 34
35 3
36 2
37 25
38 19
39 26
40 45
41 118
42 61
43 0
44 27
45 3
46 3
47 12
48 23
49 9
50 72
51 2
52 0
53 58
54 28
55 45
56 35
57 3
58 27
59 14
60 26
61 26
62 11
63 13
64 0
65 80
66 3
67 13
68 3
69 3
70 8
71 1
72 56
73 38
74 24
75 40
76 131
77 98
78 0
79 63
80 6
81 4
82 19
83 52
84 20
85 118
86 2
87 0
88 81
89 76
90 77
91 88
92 11
93 66
94 20
95 51
96 73
97 27
98 46
99 0
100 171
101 19
102 18
103 6
104 14
105 5
106 1
107 59
108 17
109 30
110 18
111 37
112 25
113 0
114 60
115 5
116 2
117 22
118 24
119 9
120 41
121 3
122 0
123 52
124 54
125 44
126 48
127 1
128 56
129 7
130 52
131 28
132 19
133 36
134 0
135 70
136 5
137 13
138 2
139 1
140 9
141 148
142 4
143 4
144 2
145 1
146 32
147 2
148 3
149 3
150 12
151 14
152 0
153 26
154 2
155 1
156 1
157 9
158 2
159 10
160 1
161 0
162 6
163 33
164 7
165 15
166 1
167 31
168 2
169 24
170 17
171 14
172 2
173 0
174 19
175 4
176 4
177 1
178 1
179 7
180 7
181 1
182 51
183 36
184 33
185 31
186 114
187 92
188 0
189 52
190 7
191 4
192 26
193 40
194 15
195 83
196 2
197 0
198 71
199 60
200 58
201 65
202 10
203 56
204 17
205 47
206 67
207 29
208 38
209 0
210 147
211 32
212 13
213 8
214 16
215 3
216 1
217 41
218 24
219 27
220 30
221 112
222 81
223 0
224 39
225 8
226 13
227 22
228 36
229 10
230 104
231 2
232 0
233 39
234 47
235 50
236 52
237 19
238 44
239 14
240 37
241 51
242 33
243 46
244 0
245 116
246 17
247 8
248 5
249 45
250 2
251 2
252 33
253 17
254 28
255 16
256 69
257 40
258 0
259 35
260 3
261 3
262 61
263 22
264 4
265 19
266 1
267 0
268 28
269 34
270 28
271 36
272 6
273 32
274 5
275 24
276 46
277 19
278 9
279 0
280 68
281 12
282 9
283 1
284 4
285 6
286 1
287 1
288 1
289 2
290 1
291 1
292 4
293 2
294 0
295 2
296 1
297 1
298 2
299 1
300 1
301 2
302 1
303 0
304 3
305 2
306 1
307 2
308 2
309 2
310 1
311 1
312 1
313 1
314 5
315 0
316 4
317 2
318 1
319 2
320 2
321 3
322 3
323 44
324 16
325 19
326 18
327 54
328 25
329 0
330 43
331 3
332 1
333 23
334 21
335 8
336 15
337 2
338 0
339 38
340 41
341 37
342 39
343 2
344 41
345 3
346 40
347 26
348 15
349 27
350 0
351 63
352 6
353 13
354 2
355 2
356 2
357 3
358 40
359 17
360 23
361 45
362 96
363 38
364 0
365 37
366 3
367 7
368 28
369 29
370 7
371 14
372 1
373 0
374 38
375 41
376 27
377 42
378 4
379 37
380 7
381 31
382 28
383 20
384 37
385 0
386 100
387 9
388 14
389 3
390 7
391 2
392 67
393 5
394 13
395 2
396 1
397 23
398 4
399 5
400 16
401 15
402 4
403 0
404 18
405 2
406 2
407 9
408 13
409 4
410 5
411 1
412 0
413 10
414 18
415 11
416 17
417 1
418 23
419 1
420 15
421 6
422 6
423 5
424 0
425 23
426 3
427 7
428 1
429 1
430 2
431 1
432 22
433 7
434 5
435 14
436 18
437 5
438 0
439 21
440 2
441 2
442 8
443 12
444 4
445 8
446 1
447 0
448 11
449 22
450 11
451 21
452 1
453 23
454 1
455 21
456 10
457 6
458 6
459 0
460 22
461 3
462 5
463 2
464 1
465 5
466 1
467 27
468 14
469 13
470 48
471 23
472 9
473 0
474 23
475 2
476 1
477 13
478 13
479 5
480 13
481 2
482 0
483 19
484 23
485 20
486 25
487 1
488 25
489 2
490 22
491 12
492 10
493 24
494 0
495 30
496 3
497 9
498 1
499 1
500 4
501 4
502 53
503 14
504 34
505 37
506 38
507 28
508 0
509 56
510 7
511 1
512 22
513 22
514 11
515 34
516 3
517 0
518 42
519 58
520 58
521 47
522 2
523 54
524 7
525 51
526 23
527 15
528 44
529 0
530 57
531 5
532 15
533 2
534 2
535 4
536 8
537 42
538 12
539 30
540 26
541 71
542 65
543 0
544 36
545 5
546 4
547 16
548 39
549 9
550 83
551 3
552 0
553 42
554 35
555 60
556 46
557 2
558 36
559 12
560 28
561 33
562 14
563 31
564 0
565 89
566 3
567 13
568 2
569 3
570 5
571 1
572 41
573 18
574 28
575 21
576 81
577 53
578 0
579 38
580 5
581 3
582 22
583 32
584 7
585 20
586 2
587 0
588 26
589 44
590 37
591 54
592 4
593 45
594 5
595 32
596 31
597 19
598 32
599 0
600 91
601 8
602 18
603 2
604 2
605 4
606 2
607 44
608 29
609 28
610 39
611 107
612 88
613 0
614 43
615 4
616 4
617 13
618 37
619 10
620 103
621 6
622 0
623 65
624 47
625 56
626 46
627 6
628 46
629 12
630 35
631 41
632 14
633 37
634 0
635 113
636 6
637 10
638 3
639 3
640 2
641 11
642 8
643 3
644 72
645 43
646 41
647 41
648 146
649 140
650 0
651 76
652 9
653 18
654 16
655 62
656 41
657 136
658 4
659 0
660 107
661 114
662 77
663 98
664 15
665 83
666 23
667 64
668 87
669 66
670 45
671 0
672 198
673 69
674 33
675 15
676 10
677 25
