0 6
1 1
2 53
3 34
4 36
5 38
6 102
7 105
8 0
9 66
10 8
11 11
12 16
13 53
14 42
15 67
16 3
17 0
18 84
19 100
20 65
21 86
22 23
23 70
24 27
25 50
26 56
27 159
28 55
29 0
30 127
31 65
32 23
33 5
34 37
35 4
36 2
37 26
38 20
39 26
40 49
41 118
42 53
43 0
44 25
45 3
46 3
47 12
48 24
49 7
50 80
51 2
52 0
53 59
54 28
55 46
56 38
57 4
58 26
59 12
60 32
61 27
62 12
63 17
64 0
65 87
66 2
67 12
68 2
69 3
70 9
71 1
72 61
73 38
74 26
75 44
76 128
77 95
78 0
79 62
80 6
81 3
82 21
83 53
84 21
85 119
86 3
87 0
88 81
89 72
90 74
91 94
92 11
93 67
94 19
95 48
96 72
97 26
98 65
99 0
100 169
101 19
102 18
103 5
104 14
105 4
106 1
107 60
108 16
109 33
110 22
111 36
112 25
113 0
114 57
115 5
116 3
117 22
118 24
119 10
120 51
121 2
122 0
123 51
124 54
125 43
126 48
127 1
128 58
129 6
130 55
131 31
132 18
133 34
134 0
135 72
136 5
137 13
138 2
139 2
140 10
141 116
142 4
143 5
144 2
145 1
146 30
147 2
148 2
149 2
150 13
151 13
152 0
153 28
154 2
155 1
156 1
157 9
158 2
159 11
160 1
161 0
162 6
163 34
164 10
165 12
166 1
167 32
168 3
169 23
170 16
171 12
172 2
173 0
174 18
175 4
176 4
177 1
178 2
179 10
180 6
181 2
182 54
183 37
184 31
185 31
186 123
187 90
188 0
189 54
190 8
191 4
192 24
193 41
194 16
195 84
196 3
197 0
198 69
199 60
200 54
201 65
202 12
203 54
204 16
205 47
206 70
207 28
208 32
209 0
210 136
211 29
212 14
213 9
214 17
215 4
216 1
217 38
218 24
219 26
220 37
221 118
222 82
223 0
224 38
225 10
226 12
227 20
228 33
229 10
230 96
231 2
232 0
233 34
234 46
235 50
236 59
237 18
238 42
239 13
240 42
241 57
242 40
243 71
244 0
245 114
246 23
247 8
248 8
249 29
250 3
251 2
252 36
253 18
254 28
255 15
256 67
257 63
258 0
259 32
260 2
261 3
262 51
263 21
264 4
265 22
266 1
267 0
268 30
269 35
270 29
271 33
272 7
273 32
274 5
275 24
276 35
277 18
278 11
279 0
280 73
281 12
282 9
283 2
284 5
285 6
286 1
287 1
288 2
289 2
290 1
291 1
292 4
293 2
294 0
295 2
296 1
297 1
298 1
299 1
300 1
301 2
302 1
303 0
304 2
305 2
306 1
307 2
308 2
309 2
310 1
311 1
312 1
313 1
314 2
315 0
316 3
317 2
318 1
319 2
320 3
321 3
322 2
323 42
324 17
325 17
326 20
327 56
328 28
329 0
330 42
331 4
332 2
333 20
334 21
335 7
336 19
337 2
338 0
339 36
340 44
341 36
342 36
343 2
344 43
345 3
346 38
347 24
348 15
349 30
350 0
351 59
352 6
353 13
354 2
355 2
356 3
357 3
358 33
359 19
360 26
361 42
362 107
363 45
364 0
365 37
366 4
367 6
368 26
369 25
370 8
371 15
372 1
373 0
374 40
375 41
376 21
377 42
378 4
379 36
380 9
381 33
382 31
383 16
384 54
385 0
386 90
387 10
388 16
389 3
390 7
391 2
392 70
393 6
394 11
395 2
396 1
397 23
398 6
399 5
400 15
401 14
402 6
403 0
404 20
405 2
406 1
407 9
408 12
409 5
410 7
411 1
412 0
413 9
414 17
415 12
416 17
417 1
418 23
419 1
420 11
421 8
422 7
423 5
424 0
425 23
426 3
427 7
428 1
429 1
430 2
431 1
432 25
433 7
434 3
435 14
436 19
437 4
438 0
439 20
440 2
441 1
442 8
443 11
444 4
445 7
446 1
447 0
448 9
449 24
450 13
451 20
452 1
453 24
454 2
455 19
456 9
457 7
458 5
459 0
460 23
461 3
462 5
463 2
464 1
465 3
466 2
467 25
468 15
469 16
470 46
471 31
472 10
473 0
474 24
475 2
476 2
477 12
478 14
479 5
480 12
481 2
482 0
483 20
484 22
485 20
486 24
487 1
488 25
489 2
490 19
491 13
492 11
493 35
494 0
495 36
496 3
497 11
498 1
499 1
500 4
501 5
502 64
503 16
504 37
505 34
506 37
507 32
508 0
509 58
510 5
511 2
512 22
513 25
514 10
515 55
516 3
517 0
518 43
519 52
520 54
521 41
522 2
523 58
524 5
525 54
526 25
527 11
528 35
529 0
530 61
531 5
532 15
533 2
534 2
535 4
536 7
537 38
538 11
539 27
540 25
541 82
542 62
543 0
544 34
545 4
546 3
547 14
548 40
549 8
550 84
551 2
552 0
553 44
554 34
555 53
556 45
557 3
558 37
559 12
560 29
561 31
562 15
563 34
564 0
565 88
566 3
567 11
568 3
569 2
570 5
571 1
572 41
573 19
574 23
575 22
576 82
577 52
578 0
579 39
580 4
581 3
582 22
583 32
584 8
585 20
586 2
587 0
588 43
589 41
590 37
591 50
592 4
593 42
594 5
595 31
596 31
597 18
598 37
599 0
600 84
601 8
602 18
603 2
604 2
605 5
606 2
607 44
608 27
609 25
610 40
611 110
612 85
613 0
614 38
615 4
616 3
617 14
618 38
619 10
620 86
621 4
622 0
623 58
624 42
625 67
626 53
627 2
628 46
629 11
630 36
631 46
632 14
633 33
634 0
635 118
636 7
637 12
638 3
639 2
640 2
641 11
642 7
643 3
644 68
645 47
646 40
647 51
648 140
649 141
650 0
651 76
652 5
653 16
654 17
655 62
656 37
657 137
658 3
659 0
660 105
661 101
662 77
663 103
664 12
665 83
666 21
667 61
668 79
669 60
670 40
671 0
672 191
673 64
674 32
675 16
676 11
677 25
