0 6
1 4
2 36
3 36
4 31
5 32
6 111
7 98
8 0
9 59
10 4
11 4
12 14
13 52
14 37
15 72
16 2
17 0
18 63
19 88
20 54
21 69
22 13
23 72
24 21
25 34
26 48
27 134
28 42
29 0
30 128
31 71
32 28
33 4
34 23
35 4
36 2
37 33
38 23
39 25
40 32
41 92
42 47
43 0
44 25
45 5
46 4
47 13
48 22
49 9
50 76
51 2
52 0
53 60
54 26
55 40
56 29
57 4
58 28
59 8
60 27
61 28
62 14
63 27
64 0
65 72
66 2
67 12
68 5
69 4
70 9
71 3
72 54
73 41
74 29
75 48
76 138
77 93
78 0
79 55
80 8
81 5
82 10
83 50
84 22
85 110
86 2
87 0
88 87
89 62
90 63
91 88
92 6
93 71
94 23
95 58
96 71
97 25
98 32
99 0
100 134
101 25
102 17
103 8
104 13
105 3
106 1
107 45
108 14
109 23
110 26
111 30
112 8
113 0
114 45
115 4
116 3
117 19
118 20
119 7
120 17
121 3
122 0
123 28
124 37
125 34
126 37
127 2
128 46
129 1
130 46
131 18
132 14
133 24
134 0
135 48
136 3
137 12
138 1
139 1
140 26
141 189
142 4
143 2
144 2
145 2
146 43
147 2
148 4
149 6
150 22
151 27
152 0
153 36
154 4
155 3
156 1
157 10
158 7
159 13
160 1
161 0
162 7
163 50
164 12
165 15
166 2
167 47
168 3
169 30
170 23
171 16
172 3
173 0
174 32
175 6
176 5
177 1
178 8
179 7
180 9
181 1
182 53
183 38
184 36
185 31
186 98
187 99
188 0
189 57
190 9
191 4
192 25
193 55
194 19
195 87
196 3
197 0
198 72
199 73
200 78
201 74
202 10
203 58
204 20
205 47
206 76
207 29
208 38
209 0
210 148
211 32
212 11
213 12
214 18
215 6
216 1
217 42
218 23
219 22
220 30
221 94
222 83
223 0
224 45
225 5
226 4
227 20
228 42
229 8
230 111
231 2
232 0
233 15
234 55
235 45
236 73
237 7
238 47
239 14
240 41
241 49
242 23
243 104
244 0
245 154
246 16
247 7
248 5
249 6
250 3
251 1
252 23
253 18
254 22
255 17
256 53
257 94
258 0
259 20
260 3
261 1
262 30
263 23
264 4
265 29
266 1
267 0
268 37
269 21
270 19
271 27
272 5
273 21
274 5
275 18
276 67
277 18
278 27
279 0
280 79
281 11
282 8
283 1
284 6
285 4
286 1
287 1
288 7
289 9
290 2
291 2
292 9
293 14
294 0
295 2
296 1
297 2
298 4
299 14
300 11
301 11
302 2
303 0
304 19
305 5
306 5
307 14
308 3
309 3
310 2
311 3
312 29
313 6
314 4
315 0
316 34
317 9
318 7
319 2
320 3
321 3
322 64
323 16
324 9
325 4
326 6
327 24
328 23
329 0
330 17
331 5
332 1
333 22
334 16
335 4
336 12
337 2
338 0
339 28
340 25
341 13
342 12
343 2
344 24
345 2
346 9
347 12
348 3
349 5
350 0
351 29
352 5
353 12
354 2
355 2
356 2
357 2
358 15
359 17
360 6
361 16
362 54
363 35
364 0
365 9
366 1
367 6
368 16
369 11
370 4
371 13
372 2
373 0
374 18
375 25
376 13
377 2
378 2
379 23
380 2
381 12
382 15
383 37
384 5
385 0
386 59
387 6
388 11
389 2
390 7
391 8
392 46
393 4
394 29
395 3
396 1
397 9
398 4
399 1
400 14
401 15
402 3
403 0
404 11
405 2
406 1
407 4
408 2
409 3
410 5
411 2
412 0
413 7
414 9
415 5
416 9
417 1
418 9
419 1
420 9
421 4
422 3
423 4
424 0
425 8
426 1
427 6
428 1
429 1
430 1
431 1
432 23
433 4
434 1
435 12
436 15
437 4
438 0
439 23
440 2
441 1
442 8
443 9
444 5
445 7
446 1
447 0
448 9
449 22
450 10
451 18
452 1
453 22
454 2
455 15
456 7
457 4
458 5
459 0
460 16
461 2
462 4
463 3
464 1
465 5
466 1
467 25
468 15
469 29
470 46
471 41
472 7
473 0
474 27
475 2
476 1
477 17
478 16
479 8
480 18
481 3
482 0
483 30
484 23
485 21
486 29
487 2
488 26
489 3
490 27
491 9
492 15
493 20
494 0
495 38
496 4
497 13
498 1
499 1
500 5
501 2
502 41
503 14
504 28
505 33
506 46
507 10
508 0
509 36
510 3
511 1
512 25
513 17
514 8
515 22
516 3
517 0
518 27
519 44
520 28
521 33
522 2
523 30
524 3
525 39
526 16
527 15
528 28
529 0
530 54
531 3
532 15
533 1
534 1
535 4
536 4
537 25
538 9
539 31
540 29
541 66
542 62
543 0
544 31
545 8
546 2
547 13
548 39
549 10
550 103
551 3
552 0
553 35
554 27
555 46
556 43
557 2
558 24
559 18
560 22
561 38
562 9
563 21
564 0
565 95
566 4
567 10
568 1
569 3
570 6
571 5
572 37
573 16
574 15
575 18
576 76
577 59
578 0
579 31
580 6
581 5
582 27
583 31
584 9
585 30
586 2
587 0
588 12
589 39
590 34
591 48
592 7
593 38
594 3
595 31
596 27
597 23
598 33
599 0
600 100
601 7
602 17
603 2
604 3
605 9
606 1
607 32
608 24
609 15
610 23
611 72
612 82
613 0
614 30
615 7
616 3
617 10
618 37
619 6
620 82
621 3
622 0
623 55
624 43
625 36
626 60
627 2
628 36
629 13
630 24
631 44
632 10
633 94
634 0
635 113
636 3
637 7
638 3
639 2
640 1
641 46
642 8
643 1
644 65
645 43
646 29
647 35
648 121
649 137
650 0
651 70
652 7
653 8
654 19
655 62
656 31
657 146
658 3
659 0
660 96
661 81
662 81
663 97
664 13
665 70
666 23
667 53
668 86
669 30
670 15
671 0
672 198
673 59
674 24
675 17
676 7
677 10
