0 6
1 3
2 64
3 30
4 30
5 35
6 117
7 81
8 0
9 66
10 6
11 7
12 14
13 54
14 40
15 75
16 1
17 0
18 71
19 96
20 57
21 72
22 24
23 83
24 21
25 60
26 41
27 107
28 18
29 0
30 130
31 73
32 22
33 6
34 21
35 4
36 2
37 28
38 20
39 37
40 32
41 87
42 47
43 0
44 22
45 3
46 4
47 9
48 21
49 10
50 76
51 1
52 0
53 58
54 29
55 40
56 29
57 4
58 31
59 9
60 30
61 29
62 12
63 31
64 0
65 69
66 2
67 13
68 4
69 4
70 8
71 2
72 54
73 37
74 28
75 38
76 133
77 95
78 0
79 50
80 5
81 5
82 15
83 48
84 22
85 120
86 2
87 0
88 96
89 70
90 60
91 92
92 9
93 52
94 15
95 56
96 69
97 27
98 24
99 0
100 139
101 25
102 17
103 8
104 13
105 3
106 1
107 46
108 13
109 15
110 24
111 35
112 9
113 0
114 43
115 4
116 5
117 21
118 17
119 6
120 19
121 3
122 0
123 29
124 38
125 29
126 32
127 2
128 45
129 1
130 45
131 19
132 13
133 22
134 0
135 48
136 4
137 13
138 1
139 1
140 20
141 222
142 2
143 5
144 2
145 2
146 45
147 2
148 4
149 3
150 24
151 20
152 0
153 37
154 4
155 3
156 1
157 8
158 12
159 15
160 1
161 0
162 7
163 43
164 10
165 12
166 2
167 52
168 3
169 27
170 15
171 18
172 4
173 0
174 35
175 5
176 5
177 1
178 2
179 8
180 8
181 1
182 57
183 38
184 30
185 34
186 100
187 107
188 0
189 54
190 9
191 5
192 25
193 57
194 18
195 86
196 1
197 0
198 71
199 74
200 77
201 80
202 8
203 61
204 21
205 45
206 73
207 27
208 46
209 0
210 148
211 29
212 14
213 11
214 16
215 4
216 1
217 43
218 26
219 22
220 34
221 100
222 84
223 0
224 46
225 6
226 3
227 21
228 44
229 9
230 108
231 2
232 0
233 37
234 54
235 51
236 72
237 5
238 50
239 11
240 44
241 49
242 26
243 124
244 0
245 151
246 14
247 7
248 4
249 7
250 4
251 2
252 23
253 17
254 20
255 18
256 51
257 61
258 0
259 14
260 3
261 2
262 53
263 18
264 2
265 27
266 1
267 0
268 28
269 20
270 27
271 48
272 6
273 19
274 5
275 15
276 56
277 23
278 12
279 0
280 75
281 11
282 5
283 1
284 9
285 5
286 2
287 1
288 11
289 13
290 4
291 6
292 9
293 23
294 0
295 8
296 2
297 2
298 1
299 12
300 9
301 10
302 2
303 0
304 25
305 6
306 8
307 8
308 3
309 2
310 2
311 2
312 31
313 2
314 5
315 0
316 17
317 5
318 9
319 3
320 2
321 3
322 25
323 16
324 13
325 8
326 19
327 46
328 23
329 0
330 20
331 5
332 1
333 21
334 20
335 3
336 11
337 2
338 0
339 23
340 15
341 20
342 12
343 2
344 18
345 2
346 13
347 15
348 9
349 4
350 0
351 25
352 4
353 12
354 2
355 1
356 2
357 2
358 15
359 11
360 10
361 20
362 52
363 18
364 0
365 15
366 1
367 4
368 20
369 9
370 3
371 11
372 2
373 0
374 6
375 22
376 19
377 10
378 2
379 18
380 2
381 11
382 19
383 17
384 5
385 0
386 50
387 5
388 12
389 2
390 6
391 14
392 47
393 4
394 28
395 3
396 1
397 7
398 4
399 2
400 13
401 16
402 4
403 0
404 11
405 1
406 1
407 4
408 2
409 2
410 6
411 2
412 0
413 4
414 9
415 6
416 8
417 2
418 9
419 1
420 9
421 5
422 4
423 5
424 0
425 9
426 1
427 6
428 1
429 1
430 1
431 1
432 27
433 5
434 2
435 12
436 19
437 4
438 0
439 23
440 2
441 1
442 9
443 9
444 3
445 8
446 1
447 0
448 8
449 21
450 10
451 18
452 1
453 26
454 1
455 17
456 6
457 4
458 4
459 0
460 18
461 2
462 5
463 3
464 1
465 4
466 1
467 25
468 13
469 26
470 32
471 40
472 9
473 0
474 26
475 2
476 1
477 20
478 16
479 7
480 18
481 3
482 0
483 31
484 21
485 20
486 26
487 1
488 26
489 3
490 25
491 10
492 14
493 21
494 0
495 30
496 4
497 13
498 1
499 1
500 4
501 1
502 31
503 14
504 26
505 31
506 48
507 10
508 0
509 40
510 3
511 2
512 26
513 15
514 7
515 26
516 3
517 0
518 28
519 40
520 29
521 31
522 1
523 39
524 2
525 44
526 18
527 15
528 29
529 0
530 54
531 3
532 10
533 1
534 1
535 3
536 4
537 22
538 11
539 28
540 23
541 57
542 68
543 0
544 28
545 5
546 2
547 12
548 37
549 11
550 71
551 3
552 0
553 38
554 22
555 57
556 52
557 2
558 27
559 15
560 24
561 35
562 9
563 11
564 0
565 94
566 3
567 9
568 2
569 2
570 7
571 3
572 39
573 16
574 19
575 19
576 75
577 59
578 0
579 31
580 6
581 5
582 26
583 30
584 8
585 20
586 2
587 0
588 12
589 37
590 31
591 50
592 7
593 38
594 4
595 32
596 30
597 20
598 35
599 0
600 98
601 9
602 17
603 3
604 3
605 7
606 2
607 29
608 21
609 18
610 28
611 73
612 60
613 0
614 32
615 5
616 2
617 11
618 30
619 8
620 71
621 3
622 0
623 50
624 43
625 43
626 42
627 2
628 39
629 11
630 22
631 46
632 9
633 124
634 0
635 137
636 4
637 7
638 2
639 1
640 2
641 15
642 7
643 1
644 65
645 42
646 33
647 43
648 127
649 131
650 0
651 65
652 7
653 7
654 12
655 61
656 30
657 134
658 5
659 0
660 94
661 80
662 79
663 100
664 7
665 75
666 23
667 52
668 89
669 28
670 20
671 0
672 206
673 60
674 22
675 17
676 10
677 14
