0 9
1 1
2 60
3 28
4 35
5 40
6 119
7 105
8 0
9 65
10 15
11 11
12 18
13 49
14 39
15 73
16 3
17 0
18 86
19 104
20 64
21 81
22 26
23 74
24 23
25 51
26 69
27 140
28 63
29 0
30 125
31 69
32 23
33 7
34 40
35 4
36 2
37 36
38 20
39 25
40 44
41 114
42 58
43 0
44 34
45 3
46 3
47 14
48 26
49 7
50 69
51 3
52 0
53 61
54 30
55 47
56 36
57 2
58 38
59 11
60 27
61 28
62 14
63 17
64 0
65 79
66 2
67 13
68 2
69 2
70 8
71 2
72 55
73 35
74 29
75 45
76 134
77 105
78 0
79 60
80 7
81 4
82 19
83 58
84 19
85 124
86 3
87 0
88 84
89 76
90 80
91 88
92 11
93 62
94 20
95 52
96 79
97 27
98 37
99 0
100 170
101 21
102 17
103 5
104 16
105 4
106 2
107 53
108 16
109 35
110 16
111 40
112 30
113 0
114 59
115 5
116 2
117 23
118 25
119 8
120 43
121 3
122 0
123 53
124 53
125 53
126 41
127 1
128 51
129 9
130 51
131 27
132 17
133 29
134 0
135 74
136 5
137 12
138 2
139 2
140 8
141 76
142 5
143 6
144 1
145 1
146 45
147 2
148 6
149 3
150 17
151 15
152 0
153 43
154 2
155 1
156 1
157 9
158 4
159 12
160 1
161 0
162 5
163 45
164 8
165 14
166 1
167 47
168 3
169 26
170 15
171 15
172 2
173 0
174 18
175 4
176 5
177 2
178 2
179 8
180 7
181 2
182 52
183 36
184 32
185 32
186 114
187 96
188 0
189 52
190 7
191 4
192 29
193 38
194 16
195 86
196 3
197 0
198 74
199 54
200 57
201 62
202 19
203 50
204 16
205 44
206 67
207 31
208 35
209 0
210 141
211 30
212 13
213 11
214 16
215 4
216 2
217 37
218 23
219 27
220 31
221 116
222 81
223 0
224 44
225 10
226 15
227 22
228 32
229 11
230 108
231 3
232 0
233 45
234 45
235 51
236 53
237 15
238 44
239 14
240 47
241 54
242 20
243 81
244 0
245 119
246 19
247 8
248 9
249 26
250 3
251 2
252 35
253 17
254 27
255 14
256 72
257 55
258 0
259 30
260 2
261 2
262 66
263 26
264 5
265 19
266 1
267 0
268 30
269 36
270 26
271 36
272 5
273 34
274 5
275 23
276 45
277 18
278 15
279 0
280 73
281 12
282 9
283 2
284 5
285 8
286 1
287 1
288 2
289 3
290 1
291 2
292 3
293 2
294 0
295 2
296 1
297 1
298 2
299 1
300 2
301 2
302 1
303 0
304 2
305 2
306 1
307 1
308 2
309 2
310 1
311 1
312 1
313 1
314 3
315 0
316 2
317 2
318 1
319 2
320 2
321 3
322 3
323 48
324 16
325 20
326 23
327 60
328 24
329 0
330 41
331 3
332 2
333 21
334 19
335 7
336 16
337 1
338 0
339 36
340 38
341 30
342 36
343 3
344 42
345 3
346 39
347 24
348 14
349 24
350 0
351 62
352 5
353 14
354 1
355 1
356 3
357 3
358 31
359 17
360 20
361 50
362 93
363 39
364 0
365 37
366 3
367 4
368 25
369 25
370 6
371 17
372 1
373 0
374 38
375 44
376 21
377 45
378 5
379 35
380 9
381 27
382 28
383 17
384 43
385 0
386 96
387 8
388 16
389 3
390 5
391 3
392 69
393 4
394 40
395 2
396 1
397 21
398 6
399 4
400 13
401 15
402 5
403 0
404 19
405 2
406 1
407 8
408 13
409 3
410 7
411 2
412 0
413 10
414 19
415 9
416 24
417 1
418 23
419 1
420 17
421 8
422 6
423 6
424 0
425 21
426 3
427 7
428 1
429 1
430 2
431 1
432 21
433 7
434 3
435 12
436 16
437 5
438 0
439 22
440 2
441 2
442 7
443 13
444 3
445 7
446 1
447 0
448 13
449 23
450 13
451 18
452 1
453 24
454 2
455 20
456 10
457 6
458 7
459 0
460 22
461 3
462 7
463 1
464 1
465 3
466 1
467 30
468 15
469 16
470 43
471 30
472 11
473 0
474 29
475 2
476 1
477 14
478 12
479 5
480 12
481 1
482 0
483 19
484 20
485 21
486 26
487 1
488 25
489 2
490 26
491 13
492 12
493 16
494 0
495 37
496 4
497 11
498 1
499 1
500 4
501 4
502 55
503 13
504 36
505 40
506 40
507 30
508 0
509 59
510 7
511 2
512 23
513 23
514 8
515 30
516 3
517 0
518 45
519 50
520 58
521 42
522 2
523 53
524 8
525 52
526 28
527 14
528 47
529 0
530 74
531 5
532 17
533 2
534 1
535 4
536 5
537 41
538 13
539 30
540 28
541 92
542 63
543 0
544 40
545 4
546 3
547 18
548 35
549 9
550 86
551 3
552 0
553 51
554 37
555 57
556 38
557 1
558 40
559 14
560 27
561 32
562 18
563 30
564 0
565 91
566 3
567 15
568 3
569 3
570 5
571 2
572 41
573 16
574 28
575 17
576 75
577 60
578 0
579 42
580 4
581 3
582 20
583 30
584 7
585 20
586 2
587 0
588 27
589 41
590 35
591 43
592 4
593 48
594 5
595 33
596 35
597 19
598 24
599 0
600 90
601 8
602 14
603 2
604 2
605 6
606 2
607 48
608 25
609 31
610 40
611 124
612 84
613 0
614 38
615 4
616 3
617 14
618 36
619 10
620 95
621 5
622 0
623 57
624 44
625 64
626 50
627 6
628 44
629 12
630 31
631 47
632 15
633 37
634 0
635 116
636 6
637 11
638 4
639 3
640 3
641 17
642 7
643 4
644 67
645 42
646 41
647 48
648 132
649 126
650 0
651 79
652 7
653 16
654 14
655 64
656 38
657 126
658 3
659 0
660 105
661 105
662 80
663 92
664 26
665 78
666 24
667 60
668 88
669 53
670 33
671 0
672 193
673 40
674 28
675 11
676 12
677 21
