0 7
1 1
2 52
3 29
4 28
5 34
6 112
7 113
8 0
9 62
10 9
11 14
12 15
13 41
14 39
15 64
16 2
17 0
18 86
19 103
20 59
21 66
22 19
23 72
24 21
25 46
26 67
27 180
28 50
29 0
30 122
31 66
32 22
33 4
34 25
35 3
36 1
37 29
38 20
39 23
40 37
41 110
42 47
43 0
44 26
45 3
46 2
47 12
48 25
49 7
50 67
51 2
52 0
53 54
54 29
55 44
56 30
57 3
58 29
59 11
60 31
61 31
62 11
63 19
64 0
65 83
66 3
67 13
68 2
69 3
70 8
71 3
72 64
73 37
74 25
75 49
76 122
77 102
78 0
79 61
80 5
81 3
82 21
83 46
84 20
85 92
86 2
87 0
88 80
89 81
90 73
91 85
92 17
93 68
94 20
95 53
96 79
97 28
98 51
99 0
100 169
101 29
102 19
103 5
104 11
105 5
106 1
107 57
108 16
109 31
110 27
111 41
112 31
113 0
114 55
115 5
116 2
117 21
118 25
119 8
120 53
121 2
122 0
123 51
124 55
125 48
126 47
127 1
128 55
129 6
130 49
131 30
132 18
133 35
134 0
135 70
136 4
137 13
138 2
139 1
140 7
141 93
142 3
143 4
144 1
145 1
146 32
147 1
148 4
149 6
150 16
151 15
152 0
153 26
154 3
155 1
156 1
157 9
158 2
159 11
160 1
161 0
162 5
163 32
164 14
165 12
166 1
167 32
168 3
169 24
170 15
171 15
172 1
173 0
174 20
175 4
176 4
177 1
178 1
179 7
180 8
181 1
182 53
183 33
184 30
185 30
186 118
187 96
188 0
189 50
190 8
191 4
192 24
193 42
194 14
195 85
196 3
197 0
198 69
199 62
200 59
201 67
202 14
203 57
204 18
205 46
206 66
207 32
208 31
209 0
210 147
211 28
212 12
213 9
214 18
215 3
216 1
217 42
218 25
219 29
220 33
221 114
222 81
223 0
224 41
225 10
226 12
227 25
228 32
229 10
230 99
231 2
232 0
233 29
234 48
235 49
236 51
237 23
238 45
239 14
240 35
241 52
242 37
243 76
244 0
245 111
246 21
247 9
248 7
249 23
250 2
251 4
252 30
253 16
254 28
255 16
256 84
257 42
258 0
259 30
260 2
261 3
262 44
263 22
264 5
265 20
266 2
267 0
268 32
269 32
270 22
271 32
272 4
273 32
274 5
275 23
276 42
277 18
278 15
279 0
280 71
281 13
282 9
283 2
284 4
285 6
286 1
287 1
288 2
289 2
290 2
291 1
292 5
293 2
294 0
295 2
296 1
297 1
298 1
299 1
300 1
301 2
302 1
303 0
304 2
305 2
306 1
307 2
308 2
309 2
310 1
311 1
312 1
313 1
314 1
315 0
316 3
317 2
318 1
319 1
320 2
321 3
322 1
323 42
324 16
325 19
326 22
327 68
328 27
329 0
330 39
331 2
332 2
333 22
334 20
335 7
336 19
337 1
338 0
339 36
340 36
341 38
342 35
343 2
344 40
345 3
346 37
347 25
348 16
349 25
350 0
351 55
352 5
353 12
354 1
355 1
356 3
357 2
358 36
359 19
360 24
361 52
362 99
363 40
364 0
365 35
366 4
367 5
368 30
369 28
370 8
371 19
372 1
373 0
374 39
375 40
376 31
377 38
378 3
379 38
380 6
381 31
382 30
383 23
384 17
385 0
386 94
387 9
388 14
389 3
390 7
391 2
392 66
393 6
394 13
395 1
396 1
397 22
398 4
399 3
400 14
401 15
402 5
403 0
404 17
405 2
406 2
407 9
408 10
409 4
410 6
411 1
412 0
413 9
414 20
415 11
416 20
417 1
418 24
419 1
420 15
421 6
422 5
423 5
424 0
425 23
426 3
427 5
428 1
429 1
430 1
431 1
432 23
433 6
434 2
435 12
436 15
437 4
438 0
439 21
440 2
441 2
442 9
443 10
444 5
445 8
446 1
447 0
448 11
449 23
450 14
451 22
452 1
453 22
454 1
455 18
456 11
457 5
458 8
459 0
460 20
461 3
462 5
463 1
464 1
465 3
466 2
467 29
468 17
469 17
470 35
471 30
472 10
473 0
474 25
475 2
476 2
477 14
478 13
479 6
480 17
481 2
482 0
483 20
484 32
485 32
486 27
487 1
488 28
489 2
490 26
491 20
492 10
493 23
494 0
495 32
496 3
497 11
498 1
499 1
500 4
501 4
502 54
503 14
504 37
505 40
506 62
507 25
508 0
509 54
510 5
511 2
512 21
513 23
514 10
515 34
516 3
517 0
518 46
519 56
520 51
521 45
522 3
523 59
524 6
525 50
526 25
527 14
528 25
529 0
530 75
531 5
532 15
533 1
534 1
535 3
536 4
537 38
538 10
539 27
540 29
541 67
542 68
543 0
544 36
545 3
546 3
547 14
548 35
549 10
550 96
551 2
552 0
553 42
554 33
555 57
556 38
557 2
558 39
559 15
560 31
561 32
562 14
563 31
564 0
565 86
566 3
567 13
568 2
569 2
570 5
571 1
572 42
573 17
574 25
575 20
576 81
577 57
578 0
579 38
580 4
581 2
582 23
583 31
584 7
585 22
586 2
587 0
588 34
589 42
590 39
591 44
592 4
593 44
594 6
595 31
596 31
597 18
598 40
599 0
600 89
601 6
602 17
603 2
604 2
605 9
606 2
607 44
608 27
609 27
610 40
611 118
612 77
613 0
614 44
615 4
616 3
617 15
618 39
619 10
620 99
621 4
622 0
623 57
624 45
625 57
626 48
627 4
628 46
629 11
630 34
631 39
632 13
633 28
634 0
635 115
636 4
637 11
638 4
639 2
640 2
641 10
642 7
643 1
644 76
645 45
646 31
647 57
648 143
649 121
650 0
651 82
652 7
653 16
654 16
655 64
656 37
657 143
658 3
659 0
660 104
661 115
662 75
663 93
664 17
665 90
666 22
667 72
668 80
669 55
670 35
671 0
672 195
673 65
674 32
675 13
676 10
677 24
