0 4
1 5
2 69
3 16
4 31
5 38
6 36
7 29
8 0
9 65
10 5
11 3
12 22
13 29
14 12
15 43
16 3
17 0
18 61
19 57
20 51
21 50
22 2
23 70
24 6
25 52
26 31
27 18
28 32
29 0
30 77
31 5
32 14
33 2
34 2
35 3
36 9
37 1
38 46
39 23
40 50
41 43
42 144
43 78
44 0
45 46
46 4
47 3
48 14
49 34
50 9
51 122
52 3
53 0
54 67
55 48
56 50
57 50
58 3
59 48
60 14
61 41
62 46
63 5
64 28
65 0
66 127
67 5
68 15
69 4
70 10
71 4
72 10
73 10
74 4
75 7
76 2
77 41
78 24
79 34
80 55
81 145
82 80
83 0
84 43
85 5
86 3
87 15
88 34
89 7
90 104
91 2
92 0
93 55
94 45
95 69
96 47
97 2
98 42
99 14
100 32
101 46
102 18
103 48
104 0
105 95
106 4
107 13
108 3
109 4
110 5
111 1
112 65
113 21
114 59
115 53
116 38
117 30
118 0
119 57
120 6
121 3
122 29
123 32
124 16
125 47
126 2
127 0
128 57
129 60
130 57
131 52
132 1
133 59
134 9
135 50
136 33
137 21
138 52
139 0
140 77
141 4
142 13
143 2
144 2
145 18
146 5
147 2
148 49
149 25
150 25
151 46
152 120
153 87
154 0
155 53
156 9
157 5
158 18
159 36
160 14
161 115
162 2
163 0
164 65
165 56
166 65
167 50
168 9
169 56
170 15
171 37
172 49
173 25
174 30
175 0
176 123
177 23
178 14
179 4
180 9
181 18
182 17
183 4
184 1
185 49
186 15
187 31
188 25
189 38
190 16
191 0
192 44
193 3
194 3
195 24
196 29
197 7
198 31
199 2
200 0
201 44
202 44
203 46
204 41
205 1
206 48
207 4
208 47
209 27
210 15
211 39
212 0
213 60
214 6
215 11
216 2
217 2
218 2
219 2
220 11
221 4
222 2
223 7
224 13
225 3
226 0
227 8
228 2
229 1
230 3
231 5
232 3
233 5
234 1
235 0
236 8
237 9
238 6
239 10
240 1
241 9
242 1
243 7
244 6
245 3
246 6
247 0
248 14
249 2
250 3
251 1
252 1
253 3
254 6
255 1
256 2
257 4
258 2
259 2
260 4
261 14
262 5
263 0
264 5
265 1
266 1
267 3
268 2
269 1
270 2
271 1
272 0
273 4
274 4
275 3
276 2
277 1
278 4
279 1
280 4
281 4
282 3
283 3
284 0
285 8
286 1
287 2
288 2
289 1
290 2
291 1
292 1
293 1
294 1
295 1
296 2
297 1
298 0
299 1
300 1
301 1
302 2
303 2
304 1
305 1
306 1
307 0
308 1
309 1
310 1
311 1
312 1
313 2
314 1
315 1
316 1
317 1
318 2
319 0
320 1
321 1
322 1
323 1
324 1
325 5
326 2
327 41
328 23
329 23
330 44
331 124
332 79
333 0
334 42
335 6
336 4
337 17
338 37
339 9
340 104
341 3
342 0
343 58
344 45
345 68
346 53
347 3
348 39
349 10
350 39
351 47
352 21
353 35
354 0
355 114
356 4
357 11
358 4
359 4
360 4
361 2
362 42
363 28
364 33
365 42
366 132
367 90
368 0
369 41
370 4
371 6
372 19
373 34
374 11
375 119
376 3
377 0
378 69
379 53
380 70
381 60
382 9
383 48
384 14
385 36
386 48
387 28
388 27
389 0
390 114
391 21
392 15
393 4
394 7
395 3
396 6
397 44
398 17
399 27
400 16
401 76
402 34
403 0
404 41
405 3
406 2
407 21
408 26
409 6
410 18
411 1
412 0
413 35
414 42
415 32
416 40
417 2
418 44
419 3
420 27
421 27
422 21
423 22
424 0
425 62
426 4
427 16
428 2
429 1
430 9
431 1
432 93
433 30
434 34
435 16
436 72
437 91
438 0
439 106
440 14
441 37
442 28
443 53
444 39
445 66
446 2
447 0
448 84
449 138
450 67
451 90
452 18
453 100
454 27
455 90
456 91
457 15
458 25
459 0
460 156
461 66
462 28
463 8
464 35
465 3
466 29
467 32
468 13
469 38
470 28
471 99
472 39
473 0
474 34
475 4
476 2
477 16
478 28
479 7
480 68
481 3
482 0
483 45
484 32
485 54
486 35
487 2
488 38
489 12
490 34
491 20
492 13
493 35
494 0
495 67
496 3
497 13
498 2
499 1
500 3
501 20
502 47
503 19
504 27
505 32
506 50
507 20
508 0
509 42
510 4
511 2
512 23
513 27
514 7
515 26
516 2
517 0
518 33
519 43
520 42
521 37
522 1
523 49
524 7
525 37
526 41
527 17
528 42
529 0
530 62
531 4
532 11
533 1
534 1
535 5
536 13
537 55
538 34
539 31
540 44
541 129
542 93
543 0
544 53
545 5
546 8
547 12
548 49
549 13
550 127
551 4
552 0
553 74
554 60
555 72
556 66
557 8
558 56
559 14
560 43
561 65
562 20
563 58
564 0
565 164
566 20
567 17
568 6
569 6
570 3
571 3
572 52
573 19
574 32
575 42
576 39
577 17
578 0
579 49
580 3
581 2
582 17
583 30
584 7
585 29
586 2
587 0
588 44
589 50
590 44
591 45
592 1
593 52
594 5
595 38
596 23
597 18
598 24
599 0
600 67
601 5
602 16
603 1
604 1
605 3
606 1
607 33
608 19
609 16
610 61
611 126
612 35
613 0
614 34
615 3
616 3
617 8
618 17
619 14
620 13
621 1
622 0
623 32
624 48
625 21
626 40
627 5
628 36
629 6
630 27
631 24
632 22
633 5
634 0
635 52
636 40
637 8
638 2
639 5
640 87
641 5
642 1
643 77
644 19
645 64
646 48
647 78
648 35
649 0
650 74
651 6
652 2
653 29
654 41
655 13
656 62
657 3
658 0
659 52
660 73
661 70
662 64
663 1
664 73
665 9
666 64
667 38
668 25
669 43
670 0
671 94
672 6
673 14
674 1
675 1
676 5
677 3
678 30
679 18
680 25
681 79
682 121
683 62
684 0
685 34
686 2
687 2
688 4
689 23
690 9
691 85
692 3
693 0
694 51
695 30
696 44
697 44
698 1
699 31
700 16
701 27
702 39
703 14
704 12
705 0
706 136
707 3
708 10
709 5
710 3
711 4
712 1
713 45
714 19
715 34
716 23
717 30
718 28
719 0
720 48
721 3
722 2
723 14
724 19
725 11
726 45
727 3
728 0
729 49
730 46
731 38
732 42
733 1
734 48
735 7
736 44
737 28
738 18
739 24
740 0
741 68
742 5
743 14
744 2
745 2
